128 1.082323
136 1.474859
144 1.632347
152 2.280515
160 2.506329
168 3.186012
176 3.386971
184 4.066798
192 4.356801
200 5.370231
208 6.251346
216 6.537287
224 7.278676
232 8.559592
240 9.373629
248 10.816422
256 9.750278
264 13.483518
272 14.172125
280 15.605106
288 15.170286
296 19.427961
304 20.459203
312 23.104416
320 21.730553
328 28.291717
336 26.470705
344 32.172785
352 31.640348
360 35.026035
368 36.515395
376 43.241074
384 38.161293
392 43.098781
400 47.009328
408 53.299879
416 51.663469
424 64.302051
432 60.006383
