
**********************************************
Contact: Natoms = 1.00000000000e+04, as = 1.000000e+02 * a0, G = 1.085900e+03, G * par = 2.171801e+03
Regular DDI: add = 6.700000e+01 * a0, GD = 1.736905e+02, GD * par = 3.473811e+02, edd = 6.700000e-01
     Dipolar cutoff Scut = 8.416910e+00,

QF = 0

Trap parameters:
GAMMA = 1.000000e+00, NU = 1.000000e+00, LAMBDA = 4.361370e-02
Space discretization: NX = 128, NY = 128, NZ = 128
                      DX = 1.3151422150218750e-01, DY = 1.3151422150218750e-01, DZ = 2.2918125546406252e+00, mx = 1.00e+01, my = 1.00e+01, mz = 1.00e+01
      Unit of length: aho = 6.123800e-07 m

Time discretization: NITER = 100 (NSNAP = 100)
                     DT = 8.647995e-03, mt = 2.00e+00

Gaussian
               SX = 8.416910e-01, SY = 8.416910e-01, SZ = 1.466760e+01
MUREL = 1.000000e-10, MUEND=1.000000e+04

-------------------------------------------------------------------
Snap      <r>            <x>            <y>            <z>
-------------------------------------------------------------------
0         1.4715820994996585e+01 8.4169101761399878e-01 8.4169101761399889e-01 1.4667600349699951e+01
1         1.4728966922024130e+01 8.4225446536454440e-01 8.4225446536454429e-01 1.4680724826153099e+01
2         1.4740912062007380e+01 8.4274279714320699e-01 8.4274279714320688e-01 1.4692653183668400e+01
3         1.4751830222299628e+01 8.4316675457966728e-01 8.4316675457966705e-01 1.4703558567758209e+01
4         1.4761862388579896e+01 8.4353512079493165e-01 8.4353512079493176e-01 1.4713581419197052e+01
5         1.4771124012703300e+01 8.4385516058491794e-01 8.4385516058491761e-01 1.4722836735309144e+01
6         1.4779710446945138e+01 8.4413294607175871e-01 8.4413294607175871e-01 1.4731419484701794e+01
7         1.4787701057934621e+01 8.4437360121318328e-01 8.4437360121318328e-01 1.4739408706660836e+01
8         1.4795162382400235e+01 8.4458148780673936e-01 8.4458148780673936e-01 1.4746870655922201e+01
9         1.4802150576078704e+01 8.4476034866026473e-01 8.4476034866026462e-01 1.4753861243199012e+01
10        1.4808713333647804e+01 8.4491341897763328e-01 8.4491341897763339e-01 1.4760427948640965e+01
11        1.4814891407709954e+01 8.4504351387539134e-01 8.4504351387539134e-01 1.4766611335765308e+01
12        1.4820719820391796e+01 8.4515309778178405e-01 8.4515309778178382e-01 1.4772446259072122e+01
13        1.4826228836876743e+01 8.4524433994990567e-01 8.4524433994990555e-01 1.4777962834403150e+01
14        1.4831444752859721e+01 8.4531915923355960e-01 8.4531915923355960e-01 1.4783187223843020e+01
15        1.4836390535347057e+01 8.4537926049216361e-01 8.4537926049216350e-01 1.4788142274443913e+01
16        1.4841086347003213e+01 8.4542616441946772e-01 8.4542616441946750e-01 1.4792848040868774e+01
17        1.4845549977388707e+01 8.4546123216850855e-01 8.4546123216850855e-01 1.4797322215216713e+01
18        1.4849797199290371e+01 8.4548568583027817e-01 8.4548568583027817e-01 1.4801580482170285e+01
19        1.4853842064440123e+01 8.4550062558673944e-01 8.4550062558673933e-01 1.4805636813713743e+01
20        1.4857697149931424e+01 8.4550704417892908e-01 8.4550704417892897e-01 1.4809503714695101e+01
21        1.4861373764339064e+01 8.4550583919376110e-01 8.4550583919376121e-01 1.4813192428209522e+01
22        1.4864882120755295e+01 8.4549782356743663e-01 8.4549782356743697e-01 1.4816713107995170e+01
23        1.4868231482550970e+01 8.4548373462176563e-01 8.4548373462176551e-01 1.4820074963632939e+01
24        1.4871430286563861e+01 8.4546424188597202e-01 8.4546424188597225e-01 1.4823286383238814e+01
25        1.4874486247539844e+01 8.4543995390700200e-01 8.4543995390700200e-01 1.4826355037463774e+01
26        1.4877406446950156e+01 8.4541142421203919e-01 8.4541142421203874e-01 1.4829287967915977e+01
27        1.4880197408748199e+01 8.4537915655623330e-01 8.4537915655623319e-01 1.4832091662561863e+01
28        1.4882865164174948e+01 8.4534360956393251e-01 8.4534360956393262e-01 1.4834772120209701e+01
29        1.4885415307357251e+01 8.4530520085233096e-01 8.4530520085233107e-01 1.4837334905815450e+01
30        1.4887853043143028e+01 8.4526431071070840e-01 8.4526431071070807e-01 1.4839785198051239e+01
31        1.4890183228375690e+01 8.4522128539591057e-01 8.4522128539591057e-01 1.4842127830335786e+01
32        1.4892410407610180e+01 8.4517644009457571e-01 8.4517644009457582e-01 1.4844367326326648e+01
33        1.4894538844107149e+01 8.4513006159435200e-01 8.4513006159435200e-01 1.4846507930708682e+01
34        1.4896572546810139e+01 8.4508241069977141e-01 8.4508241069977141e-01 1.4848553635981830e+01
35        1.4898515293893558e+01 8.4503372442285485e-01 8.4503372442285496e-01 1.4850508205834450e+01
36        1.4900370653380767e+01 8.4498421797412104e-01 8.4498421797412104e-01 1.4852375195600201e+01
37        1.4902142001250564e+01 8.4493408657595848e-01 8.4493408657595837e-01 1.4854157970215621e+01
38        1.4903832537388430e+01 8.4488350711728433e-01 8.4488350711728433e-01 1.4855859720033722e+01
39        1.4905445299682217e+01 8.4483263966579714e-01 8.4483263966579725e-01 1.4857483474792403e+01
40        1.4906983176518397e+01 8.4478162885211394e-01 8.4478162885211427e-01 1.4859032115992967e+01
41        1.4908448917896660e+01 8.4473060513818854e-01 8.4473060513818843e-01 1.4860508387905840e+01
42        1.4909845145346861e+01 8.4467968598098964e-01 8.4467968598098953e-01 1.4861914907386783e+01
43        1.4911174360808026e+01 8.4462897690106220e-01 8.4462897690106231e-01 1.4863254172662755e+01
44        1.4912438954602910e+01 8.4457857246456869e-01 8.4457857246456891e-01 1.4864528571220339e+01
45        1.4913641212625466e+01 8.4452855718642572e-01 8.4452855718642561e-01 1.4865740386913597e+01
46        1.4914783322839309e+01 8.4447900636136375e-01 8.4447900636136342e-01 1.4866891806388967e+01
47        1.4915867381173364e+01 8.4442998682904358e-01 8.4442998682904347e-01 1.4867984924912971e+01
48        1.4916895396887458e+01 8.4438155767872936e-01 8.4438155767872902e-01 1.4869021751675067e+01
49        1.4917869297471974e+01 8.4433377089854289e-01 8.4433377089854289e-01 1.4870004214629445e+01
50        1.4918790933135135e+01 8.4428667197374618e-01 8.4428667197374641e-01 1.4870934164928917e+01
51        1.4919662080926269e+01 8.4424030043822729e-01 8.4424030043822729e-01 1.4871813380999006e+01
52        1.4920484448534992e+01 8.4419469038287065e-01 8.4419469038287065e-01 1.4872643572291825e+01
53        1.4921259677802682e+01 8.4414987092424687e-01 8.4414987092424676e-01 1.4873426382755836e+01
54        1.4921989347976726e+01 8.4410586663672516e-01 8.4410586663672516e-01 1.4874163394051775e+01
55        1.4922674978733685e+01 8.4406269795084821e-01 8.4406269795084810e-01 1.4874856128540547e+01
56        1.4923318032996603e+01 8.4402038152059822e-01 8.4402038152059822e-01 1.4875506052068188e+01
57        1.4923919919564948e+01 8.4397893056194895e-01 8.4397893056194906e-01 1.4876114576566103e+01
58        1.4924481995576604e+01 8.4393835516491555e-01 8.4393835516491522e-01 1.4876683062485847e+01
59        1.4925005568816607e+01 8.4389866258107293e-01 8.4389866258107249e-01 1.4877212821082937e+01
60        1.4925491899887437e+01 8.4385985748852210e-01 8.4385985748852221e-01 1.4877705116564329e+01
61        1.4925942204252195e+01 8.4382194223591178e-01 8.4382194223591178e-01 1.4878161168110772e+01
62        1.4926357654162100e+01 8.4378491706715808e-01 8.4378491706715808e-01 1.4878582151785277e+01
63        1.4926739380477285e+01 8.4374878032834066e-01 8.4374878032834089e-01 1.4878969202336574e+01
64        1.4927088474389988e+01 8.4371352865806615e-01 8.4371352865806581e-01 1.4879323414906510e+01
65        1.4927405989057082e+01 8.4367915716261566e-01 8.4367915716261566e-01 1.4879645846648232e+01
66        1.4927692941149211e+01 8.4364565957698379e-01 8.4364565957698379e-01 1.4879937518262293e+01
67        1.4927950312322061e+01 8.4361302841288643e-01 8.4361302841288666e-01 1.4880199415456111e+01
68        1.4928179050615581e+01 8.4358125509473880e-01 8.4358125509473869e-01 1.4880432490332513e+01
69        1.4928380071785874e+01 8.4355033008448965e-01 8.4355033008448976e-01 1.4880637662711981e+01
70        1.4928554260574076e+01 8.4352024299617012e-01 8.4352024299617001e-01 1.4880815821392851e+01
71        1.4928702471916264e+01 8.4349098270094203e-01 8.4349098270094192e-01 1.4880967825353403e+01
72        1.4928825532098173e+01 8.4346253742334487e-01 8.4346253742334476e-01 1.4881094504899600e+01
73        1.4928924239857702e+01 8.4343489482944267e-01 8.4343489482944256e-01 1.4881196662761329e+01
74        1.4928999367438490e+01 8.4340804210745346e-01 8.4340804210745346e-01 1.4881275075140428e+01
75        1.4929051661597235e+01 8.4338196604145599e-01 8.4338196604145599e-01 1.4881330492713051e+01
76        1.4929081844567049e+01 8.4335665307870034e-01 8.4335665307870056e-01 1.4881363641588672e+01
77        1.4929090614979870e+01 8.4333208939101190e-01 8.4333208939101167e-01 1.4881375224228668e+01
78        1.4929078648749300e+01 8.4330826093073330e-01 8.4330826093073319e-01 1.4881365920325800e+01
79        1.4929046599915845e+01 8.4328515348162991e-01 8.4328515348162969e-01 1.4881336387646567e+01
80        1.4928995101457954e+01 8.4326275270517814e-01 8.4326275270517814e-01 1.4881287262839722e+01
81        1.4928924766067977e+01 8.4324104418251833e-01 8.4324104418251811e-01 1.4881219162210124e+01
82        1.4928836186897030e+01 8.4322001345250364e-01 8.4322001345250375e-01 1.4881132682461795e+01
83        1.4928729938269313e+01 8.4319964604609765e-01 8.4319964604609732e-01 1.4881028401410770e+01
84        1.4928606576366620e+01 8.4317992751738102e-01 8.4317992751738113e-01 1.4880906878668393e+01
85        1.4928466639885945e+01 8.4316084347151421e-01 8.4316084347151421e-01 1.4880768656297979e+01
86        1.4928310650670221e+01 8.4314237958982496e-01 8.4314237958982530e-01 1.4880614259444842e+01
87        1.4928139114313376e+01 8.4312452165227780e-01 8.4312452165227769e-01 1.4880444196940836e+01
88        1.4927952520741876e+01 8.4310725555754906e-01 8.4310725555754895e-01 1.4880258961885581e+01
89        1.4927751344772727e+01 8.4309056734086241e-01 8.4309056734086241e-01 1.4880059032204331e+01
90        1.4927536046649292e+01 8.4307444318981939e-01 8.4307444318981939e-01 1.4879844871183783e+01
91        1.4927307072556072e+01 8.4305886945832409e-01 8.4305886945832409e-01 1.4879616927987019e+01
92        1.4927064855113144e+01 8.4304383267882443e-01 8.4304383267882443e-01 1.4879375638148209e+01
93        1.4926809813851262e+01 8.4302931957296690e-01 8.4302931957296701e-01 1.4879121424048096e+01
94        1.4926542355668213e+01 8.4301531706080601e-01 8.4301531706080601e-01 1.4878854695370840e+01
95        1.4926262875267330e+01 8.4300181226869531e-01 8.4300181226869497e-01 1.4878575849543099e+01
96        1.4925971755579194e+01 8.4298879253598269e-01 8.4298879253598280e-01 1.4878285272156376e+01
97        1.4925669368166593e+01 8.4297624542058636e-01 8.4297624542058625e-01 1.4877983337372703e+01
98        1.4925356073614104e+01 8.4296415870357888e-01 8.4296415870357910e-01 1.4877670408314998e+01
99        1.4925032221902281e+01 8.4295252039283808e-01 8.4295252039283841e-01 1.4877346837442087e+01
100       1.4924698152767874e+01 8.4294131872587830e-01 8.4294131872587830e-01 1.4877012966909794e+01
-------------------------------------------------------------------

Total time on GPU: 2.052535 seconds
-------------------------------------------------------------------

