
**********************************************
Contact: Natoms = 1.00000000000e+04, as = 1.000000e+02 * a0, G = 1.085900e+03, G * par = 2.171801e+03
Regular DDI: add = 6.700000e+01 * a0, GD = 1.736905e+02, GD * par = 3.473811e+02, edd = 6.700000e-01
     Dipolar cutoff Scut = 8.416910e+00,

QF = 0

Trap parameters:
GAMMA = 1.000000e+00, NU = 1.000000e+00, LAMBDA = 4.361370e-02
Space discretization: NX = 128, NY = 128, NZ = 128
                      DX = 1.3151422150218750e-01, DY = 1.3151422150218750e-01, DZ = 2.2918125546406252e+00, mx = 1.00e+01, my = 1.00e+01, mz = 1.00e+01
      Unit of length: aho = 6.123800e-07 m

Time discretization: NITER = 100 (NSNAP = 100)
                     DT = 8.647995e-03, mt = 2.00e+00

Gaussian
               SX = 8.416910e-01, SY = 8.416910e-01, SZ = 1.466760e+01
MUREL = 1.000000e-10, MUEND=1.000000e+04

---------------------------------------------------------------------------------
Snap      mu           Kin             Pot            Contact            DDI            QF
---------------------------------------------------------------------------------
0         2.1503724347002273e+00 3.5345407886615327e-01 9.1305713734819860e-01 2.3459067640966604e+00 -1.4620455456107846e+00 0.0000000000000000e+00
1         2.1422194167067072e+00 3.5304173022035967e-01 9.1437228997496856e-01 2.3202105199792959e+00 -1.4454051234679173e+00 0.0000000000000000e+00
2         2.1351090385135163e+00 3.5279097262806036e-01 9.1552836253194425e-01 2.2975033191129053e+00 -1.4307136157593934e+00 0.0000000000000000e+00
3         2.1288667679163611e+00 3.5266492040513547e-01 9.1654800994861452e-01 2.2773221803317183e+00 -1.4176683427691072e+00 0.0000000000000000e+00
4         2.1233544823115236e+00 3.5263529797183796e-01 9.1744975304598408e-01 2.2592965967330119e+00 -1.4060271654393106e+00 0.0000000000000000e+00
5         2.1184613952545299e+00 3.5268020016179730e-01 9.1824889979896462e-01 2.2431260341671839e+00 -1.3955937388734156e+00 0.0000000000000000e+00
6         2.1140975948792016e+00 3.5278251106105452e-01 9.1895822934026106e-01 2.2285637961330966e+00 -1.3862069416552105e+00 0.0000000000000000e+00
7         2.1101893482321299e+00 3.5292876449598831e-01 9.1958850733654074e-01 2.2154052246573861e+00 -1.3777331482577855e+00 0.0000000000000000e+00
8         2.1066756276431873e+00 3.5310830803964272e-01 9.2014887937926715e-01 2.2034789214341051e+00 -1.3700604812098274e+00 0.0000000000000000e+00
9         2.1035055002546601e+00 3.5331268010618611e-01 9.2064717476334790e-01 2.1926401148359265e+00 -1.3630944694508005e+00 0.0000000000000000e+00
10        2.1006361384171108e+00 3.5353513948298892e-01 9.2109014353982999e-01 2.1827655786268791e+00 -1.3567547232325869e+00 0.0000000000000000e+00
11        2.0980312840013289e+00 3.5377030574216561e-01 9.2148364328414845e-01 2.1737496905491183e+00 -1.3509723555741036e+00 0.0000000000000000e+00
12        2.0956600494685524e+00 3.5401388150677809e-01 9.2183278756130393e-01 2.1655013402373178e+00 -1.3456879598368474e+00 0.0000000000000000e+00
13        2.0934959721166528e+00 3.5426243594954654e-01 9.2214206493028295e-01 2.1579414781773010e+00 -1.3408500069404778e+00 0.0000000000000000e+00
14        2.0915162609746356e+00 3.5451323464380247e-01 9.2241543508712465e-01 2.1510011542208423e+00 -1.3364135629771337e+00 0.0000000000000000e+00
15        2.0897011919121606e+00 3.5476410487803051e-01 9.2265640712305341e-01 2.1446199340144543e+00 -1.3323392541033774e+00 0.0000000000000000e+00
16        2.0880336179360270e+00 3.5501332836429222e-01 9.2286810368460637e-01 2.1387446100676804e+00 -1.3285924241805522e+00 0.0000000000000000e+00
17        2.0864985698399230e+00 3.5525955529012526e-01 9.2305331394168544e-01 2.1333281446523449e+00 -1.3251424440442325e+00 0.0000000000000000e+00
18        2.0850829283366767e+00 3.5550173512939975e-01 9.2321453761071814e-01 2.1283287966741593e+00 -1.3219621410776006e+00 0.0000000000000000e+00
19        2.0837751531933031e+00 3.5573906070468780e-01 9.2335402178318660e-01 2.1237093957030213e+00 -1.3190273249975928e+00 0.0000000000000000e+00
20        2.0825650581559469e+00 3.5597092279369752e-01 9.2347379193114076e-01 2.1194367345918783e+00 -1.3163163911607696e+00 0.0000000000000000e+00
21        2.0814436229094246e+00 3.5619687317328314e-01 9.2357567817193575e-01 2.1154810583309582e+00 -1.3138099867667523e+00 0.0000000000000000e+00
22        2.0804028351809656e+00 3.5641659444960250e-01 9.2366133765048353e-01 2.1118156315120546e+00 -1.3114907284311754e+00 0.0000000000000000e+00
23        2.0794355575248917e+00 3.5662987537125540e-01 9.2373227372379096e-01 2.1084163704048269e+00 -1.3093429619749815e+00 0.0000000000000000e+00
24        2.0785354144279378e+00 3.5683659059050038e-01 9.2378985249672407e-01 2.1052615284523912e+00 -1.3073525571116780e+00 0.0000000000000000e+00
25        2.0776966962322456e+00 3.5703668404624272e-01 9.2383531715167622e-01 2.1023314261792838e+00 -1.3055067311449573e+00 0.0000000000000000e+00
26        2.0769142770445095e+00 3.5723015530543201e-01 9.2386980043039202e-01 2.0996082182184290e+00 -1.3037938969097433e+00 0.0000000000000000e+00
27        2.0761835443312102e+00 3.5741704832802423e-01 9.2389433555988831e-01 2.0970756915192101e+00 -1.3022035310759124e+00 0.0000000000000000e+00
28        2.0755003383190331e+00 3.5759744222229239e-01 9.2390986586084145e-01 2.0947190898730912e+00 -1.3007260596371919e+00 0.0000000000000000e+00
29        2.0748608996576681e+00 3.5777144363833774e-01 9.2391725323464891e-01 2.0925249607551941e+00 -1.2993527579705129e+00 0.0000000000000000e+00
30        2.0742618240708661e+00 3.5793918051246609e-01 9.2391728569098652e-01 2.0904810211703126e+00 -1.2980756633028989e+00 0.0000000000000000e+00
31        2.0737000229407312e+00 3.5810079692730168e-01 9.2391068405008547e-01 2.0885760397518385e+00 -1.2968874977884948e+00 0.0000000000000000e+00
32        2.0731726889469044e+00 3.5825644889463376e-01 9.2389810793172444e-01 2.0867997328155798e+00 -1.2957816006950333e+00 0.0000000000000000e+00
33        2.0726772660268677e+00 3.5840630090217501e-01 9.2388016112461802e-01 2.0851426724412789e+00 -1.2947518684412045e+00 0.0000000000000000e+00
34        2.0722114230423347e+00 3.5855052309329460e-01 9.2385739641514542e-01 2.0835962049592820e+00 -1.2937927014253872e+00 0.0000000000000000e+00
35        2.0717730306331705e+00 3.5868928897143598e-01 9.2383031994202913e-01 2.0821523784691198e+00 -1.2928989567494145e+00 0.0000000000000000e+00
36        2.0713601408221343e+00 3.5882277353962216e-01 9.2379939513372211e-01 2.0808038782255212e+00 -1.2920659060767310e+00 0.0000000000000000e+00
37        2.0709709689991076e+00 3.5895115180072423e-01 9.2376504627681066e-01 2.0795439688983568e+00 -1.2912891979767844e+00 0.0000000000000000e+00
38        2.0706038779702785e+00 3.5907459755680432e-01 9.2372766175698728e-01 2.0783664428579196e+00 -1.2905648242014327e+00 0.0000000000000000e+00
39        2.0702573638031962e+00 3.5919328245619553e-01 9.2368759700833303e-01 2.0772655737560846e+00 -1.2898890894174171e+00 0.0000000000000000e+00
40        2.0699300432383789e+00 3.5930737524568040e-01 9.2364517720186667e-01 2.0762360747763675e+00 -1.2892585839855357e+00 0.0000000000000000e+00
41        2.0696206424703076e+00 3.5941704119216639e-01 9.2360069970032033e-01 2.0752730610101864e+00 -1.2886701594323653e+00 0.0000000000000000e+00
42        2.0693279871284518e+00 3.5952244164427505e-01 9.2355443630261591e-01 2.0743720154896201e+00 -1.2881209063080594e+00 0.0000000000000000e+00
43        2.0690509933126240e+00 3.5962373370913631e-01 9.2350663529876398e-01 2.0735287584681994e+00 -1.2876081341634757e+00 0.0000000000000000e+00
44        2.0687886595561920e+00 3.5972107002379611e-01 9.2345752335326381e-01 2.0727394195933404e+00 -1.2871293534142085e+00 0.0000000000000000e+00
45        2.0685400596082286e+00 3.5981459860409759e-01 9.2340730723316711e-01 2.0720004126593929e+00 -1.2866822588884288e+00 0.0000000000000000e+00
46        2.0683043359394691e+00 3.5990446275670390e-01 9.2335617539500747e-01 2.0713084126680172e+00 -1.2862647148802597e+00 0.0000000000000000e+00
47        2.0680806938897001e+00 3.5999080104232450e-01 9.2330429944334869e-01 2.0706603349562092e+00 -1.2858747415521823e+00 0.0000000000000000e+00
48        2.0678683963844358e+00 3.6007374728029784e-01 9.2325183547229328e-01 2.0700533161803545e+00 -1.2855105025485096e+00 0.0000000000000000e+00
49        2.0676667591581417e+00 3.6015343058617205e-01 9.2319892530015890e-01 2.0694846969698877e+00 -1.2851702936980769e+00 0.0000000000000000e+00
50        2.0674751464285444e+00 3.6022997543548391e-01 9.2314569760641829e-01 2.0689520060847730e+00 -1.2848525326981308e+00 0.0000000000000000e+00
51        2.0672929669739308e+00 3.6030350174802012e-01 9.2309226897916663e-01 2.0684529459306265e+00 -1.2845557496838822e+00 0.0000000000000000e+00
52        2.0671196705707473e+00 3.6037412498785881e-01 9.2303874488069859e-01 2.0679853793006036e+00 -1.2842785785984134e+00 0.0000000000000000e+00
53        2.0669547447540122e+00 3.6044195627528602e-01 9.2298522053773191e-01 2.0675473172281653e+00 -1.2840197492871708e+00 0.0000000000000000e+00
54        2.0667977118673342e+00 3.6050710250736162e-01 9.2293178176260737e-01 2.0671369078467214e+00 -1.2837780802493564e+00 0.0000000000000000e+00
55        2.0666481263733232e+00 3.6056966648452687e-01 9.2287850571090690e-01 2.0667524261633297e+00 -1.2835524719854403e+00 0.0000000000000000e+00
56        2.0665055723984325e+00 3.6062974704107115e-01 9.2282546158062939e-01 2.0663922646634862e+00 -1.2833419008867541e+00 0.0000000000000000e+00
57        2.0663696614890954e+00 3.6068743917771473e-01 9.2277271125758709e-01 2.0660549246720161e+00 -1.2831454136182228e+00 0.0000000000000000e+00
58        2.0662400305588196e+00 3.6074283419487735e-01 9.2272030991118659e-01 2.0657390084033413e+00 -1.2829621219505856e+00 0.0000000000000000e+00
59        2.0661163400075466e+00 3.6079601982547066e-01 9.2266830654449106e-01 2.0654432116398906e+00 -1.2827911980023055e+00 0.0000000000000000e+00
60        2.0659982719976493e+00 3.6084708036635971e-01 9.2261674450216791e-01 2.0651663169851817e+00 -1.2826318698560601e+00 0.0000000000000000e+00
61        2.0658855288713318e+00 3.6089609680770379e-01 9.2256566193953427e-01 2.0649071876412681e+00 -1.2824834175171744e+00 0.0000000000000000e+00
62        2.0657778316967788e+00 3.6094314695966823e-01 9.2251509225563877e-01 2.0646647616665863e+00 -1.2823451691851144e+00 0.0000000000000000e+00
63        2.0656749189312569e+00 3.6098830557607570e-01 9.2246506449329935e-01 2.0644380466736503e+00 -1.2822164978117685e+00 0.0000000000000000e+00
64        2.0655765451905341e+00 3.6103164447465247e-01 9.2241560370838027e-01 2.0642261149297974e+00 -1.2820968179222960e+00 0.0000000000000000e+00
65        2.0654824801154357e+00 3.6107323265368907e-01 9.2236673131087277e-01 2.0640280988281141e+00 -1.2819855826772402e+00 0.0000000000000000e+00
66        2.0653925073267194e+00 3.6111313640492648e-01 9.2231846537974327e-01 2.0638431866978455e+00 -1.2818822811557962e+00 0.0000000000000000e+00
67        2.0653064234607701e+00 3.6115141942260598e-01 9.2227082095362334e-01 2.0636706189270191e+00 -1.2817864358424786e+00 0.0000000000000000e+00
68        2.0652240372792723e+00 3.6118814290861823e-01 9.2222381029913136e-01 2.0635096843723515e+00 -1.2816976003008291e+00 0.0000000000000000e+00
69        2.0651451688462732e+00 3.6122336567376362e-01 9.2217744315851624e-01 2.0633597170330003e+00 -1.2816153570190068e+00 0.0000000000000000e+00
70        2.0650696487673073e+00 3.6125714423515992e-01 9.2213172697814871e-01 2.0632200929679576e+00 -1.2815393154139587e+00 0.0000000000000000e+00
71        2.0649973174851741e+00 3.6128953290982624e-01 9.2208666711929022e-01 2.0630902274374354e+00 -1.2814691099813780e+00 0.0000000000000000e+00
72        2.0649280246279114e+00 3.6132058390454480e-01 9.2204226705255143e-01 2.0629695722511556e+00 -1.2814043985803405e+00 0.0000000000000000e+00
73        2.0648616284045458e+00 3.6135034740208133e-01 9.2199852853712461e-01 2.0628576133073118e+00 -1.2813448608419720e+00 0.0000000000000000e+00
74        2.0647979950448057e+00 3.6137887164384813e-01 9.2195545178601557e-01 2.0627538683076363e+00 -1.2812901966926942e+00 0.0000000000000000e+00
75        2.0647369982793777e+00 3.6140620300914406e-01 9.2191303561828375e-01 2.0626578846352110e+00 -1.2812401249832612e+00 0.0000000000000000e+00
76        2.0646785188572983e+00 3.6143238609105993e-01 9.2187127759927401e-01 2.0625692373824562e+00 -1.2811943822154919e+00 0.0000000000000000e+00
77        2.0646224440978136e+00 3.6145746376919513e-01 9.2183017416972335e-01 2.0624875275183618e+00 -1.2811527213594669e+00 0.0000000000000000e+00
78        2.0645686674738304e+00 3.6148147727926783e-01 9.2178972076461585e-01 2.0624123801840932e+00 -1.2811149107541466e+00 0.0000000000000000e+00
79        2.0645170882244837e+00 3.6150446627976368e-01 9.2174991192239886e-01 2.0623434431076917e+00 -1.2810807330853702e+00 0.0000000000000000e+00
80        2.0644676109949103e+00 3.6152646891575668e-01 9.2171074138552367e-01 2.0622803851291627e+00 -1.2810499844355325e+00 0.0000000000000000e+00
81        2.0644201455006370e+00 3.6154752187995060e-01 9.2167220219272339e-01 2.0622228948272920e+00 -1.2810224733993290e+00 0.0000000000000000e+00
82        2.0643746062152930e+00 3.6156766047114708e-01 9.2163428676378922e-01 2.0621706792414294e+00 -1.2809980202610727e+00 0.0000000000000000e+00
83        2.0643309120794942e+00 3.6158691865018977e-01 9.2159698697735237e-01 2.0621234626809262e+00 -1.2809764562289743e+00 0.0000000000000000e+00
84        2.0642889862294278e+00 3.6160532909350124e-01 9.2156029424217034e-01 2.0620809856157289e+00 -1.2809576227219723e+00 0.0000000000000000e+00
85        2.0642487557438316e+00 3.6162292324433271e-01 9.2152419956248743e-01 2.0620430036427644e+00 -1.2809413707057526e+00 0.0000000000000000e+00
86        2.0642101514078428e+00 3.6163973136183719e-01 9.2148869359782515e-01 2.0620092865222626e+00 -1.2809275600740821e+00 0.0000000000000000e+00
87        2.0641731074925138e+00 3.6165578256802711e-01 9.2145376671765411e-01 2.0619796172791243e+00 -1.2809160590722917e+00 0.0000000000000000e+00
88        2.0641375615489581e+00 3.6167110489273768e-01 9.2141940905134567e-01 2.0619537913648256e+00 -1.2809067437599504e+00 0.0000000000000000e+00
89        2.0641034542160366e+00 3.6168572531669091e-01 9.2138561053377277e-01 2.0619316158754359e+00 -1.2808994975098631e+00 0.0000000000000000e+00
90        2.0640707290405294e+00 3.6169966981272456e-01 9.2135236094683448e-01 2.0619129088218902e+00 -1.2808942105409196e+00 0.0000000000000000e+00
91        2.0640393323090156e+00 3.6171296338528625e-01 9.2131964995724813e-01 2.0618974984487100e+00 -1.2808907794822286e+00 0.0000000000000000e+00
92        2.0640092128905869e+00 3.6172563010825781e-01 9.2128746715089072e-01 2.0618852225979905e+00 -1.2808891069665520e+00 0.0000000000000000e+00
93        2.0639803220897113e+00 3.6173769316121740e-01 9.2125580206400326e-01 2.0618759281153483e+00 -1.2808891012508576e+00 0.0000000000000000e+00
94        2.0639526135083788e+00 3.6174917486414526e-01 9.2122464421138794e-01 2.0618694702949445e+00 -1.2808906758620988e+00 0.0000000000000000e+00
95        2.0639260429169708e+00 3.6176009671072001e-01 9.2119398311187928e-01 2.0618657123608153e+00 -1.2808937492664438e+00 0.0000000000000000e+00
96        2.0639005681334526e+00 3.6177047940022955e-01 9.2116380831141298e-01 2.0618645249823664e+00 -1.2808982445605561e+00 0.0000000000000000e+00
97        2.0638761489098618e+00 3.6178034286813987e-01 9.2113410940365326e-01 2.0618657858210629e+00 -1.2809040891829939e+00 0.0000000000000000e+00
98        2.0638527468261474e+00 3.6178970631543833e-01 9.2110487604860392e-01 2.0618693791068883e+00 -1.2809112146447832e+00 0.0000000000000000e+00
99        2.0638303251902572e+00 3.6179858823674077e-01 9.2107609798916734e-01 2.0618751952418322e+00 -1.2809195562774829e+00 0.0000000000000000e+00
100       2.0638088489447499e+00 3.6180700644728703e-01 9.2104776506596220e-01 2.0618831304293139e+00 -1.2809290529978132e+00 0.0000000000000000e+00
---------------------------------------------------------------------------------

Total time on GPU: 2.052535 seconds
---------------------------------------------------------------------------------

