128 1.385678
136 1.940451
144 2.115469
152 3.012991
160 3.344542
168 4.362117
176 4.564467
184 5.696598
192 6.028755
200 7.535489
208 8.583079
216 9.255584
224 10.368057
232 12.640654
240 13.198297
248 15.665428
256 14.596307
264 19.281703
272 20.137158
280 22.553664
288 22.971655
296 28.247631
304 29.346937
312 34.420513
320 32.240339
328 40.395456
336 39.598334
344 46.431538
352 46.495292
360 51.044749
368 53.437620
376 61.733717
384 58.495315
392 64.718151
400 70.041312
408 80.125699
416 82.393671
424 92.142847
432 88.890577

