-------------------------------------------------------------------
Snap      <r>            <x>            <y>            <z>
-------------------------------------------------------------------
0         1.4715820994996585e+01 8.4169101761399878e-01 8.4169101761399889e-01 1.4667600349699951e+01
1         1.4718751133379719e+01 8.9145450737307508e-01 8.4169101761400000e-01 1.4667600349699978e+01
2         1.4721682220071150e+01 9.3860726670310868e-01 8.4169101761400134e-01 1.4667600349699983e+01
3         1.4724613849210639e+01 9.8351879530325970e-01 8.4169101761399812e-01 1.4667600349699978e+01
4         1.4727545746495419e+01 1.0264793848210936e+00 8.4169101761400189e-01 1.4667600349700033e+01
5         1.4730477719967354e+01 1.0677219070541637e+00 8.4169101761400111e-01 1.4667600349699985e+01
6         1.4733409631332540e+01 1.1074364889206132e+00 8.4169101761399878e-01 1.4667600349699931e+01
7         1.4736341378472176e+01 1.1457807099177553e+00 8.4169101761400045e-01 1.4667600349699999e+01
8         1.4739272884351424e+01 1.1828868803593280e+00 8.4169101761400122e-01 1.4667600349699974e+01
9         1.4742204089719781e+01 1.2188673575496554e+00 8.4169101761399789e-01 1.4667600349699963e+01
10        1.4745134948094179e+01 1.2538185075427766e+00 8.4169101761399956e-01 1.4667600349699997e+01
-------------------------------------------------------------------

Total time on GPU: 0.707210 seconds
-------------------------------------------------------------------