
**********************************************
Contact: Natoms = 1.00000000000e+04, as = 1.100000e+02 * a0, G = 1.194490e+03, G * par = 2.388981e+03
Regular DDI: add = 6.700000e+01 * a0, GD = 1.736905e+02, GD * par = 3.473811e+02, edd = 6.090909e-01
     Dipolar cutoff Scut = 8.416910e+00,

QF = 1: h2 = 2.108385e+03,        q5 = 1.582429e+00

Trap parameters:
GAMMA = 1.000000e+00, NU = 1.000000e+00, LAMBDA = 4.361370e-02
Space discretization: NX = 128, NY = 128, NZ = 128
                      DX = 1.3151422150218750e-01, DY = 1.3151422150218750e-01, DZ = 2.2918125546406252e+00, mx = 1.00e+01, my = 1.00e+01, mz = 1.00e+01
      Unit of length: aho = 6.123800e-07 m

Time discretization: NITER = 100 (NSNAP = 100)
                     DT = 8.647995e-03, mt = 2.00e+00

file ./imag3d-finalpsi.bin
MUREL = 1.000000e-10, MUEND=1.000000e+03

-------------------------------------------------------------------
Snap      <r>            <x>            <y>            <z>
-------------------------------------------------------------------
0         1.5155148807e+01    8.5489992755414934e-01 8.5489992755414923e-01 1.5106847043115588e+01
1         1.5155147931e+01    8.5487356524233271e-01 8.5487356524233260e-01 1.5106849147915502e+01
2         1.5155153069e+01    8.5488219807995824e-01 8.5488219807995847e-01 1.5106853326017664e+01
3         1.5155164220e+01    8.5492581245284860e-01 8.5492581245284838e-01 1.5106859575596317e+01
4         1.5155181372e+01    8.5500434755376209e-01 8.5500434755376209e-01 1.5106867893554663e+01
5         1.5155204511e+01    8.5511769551356476e-01 8.5511769551356476e-01 1.5106878275541346e+01
6         1.5155233616e+01    8.5526570161889937e-01 8.5526570161889937e-01 1.5106890715971476e+01
7         1.5155268658e+01    8.5544816461521755e-01 8.5544816461521755e-01 1.5106905208051735e+01
8         1.5155309604e+01    8.5566483709373242e-01 8.5566483709373242e-01 1.5106921743809728e+01
9         1.5155356416e+01    8.5591542596046000e-01 8.5591542596046011e-01 1.5106940314126755e+01
10        1.5155409047e+01    8.5619959298533921e-01 8.5619959298533932e-01 1.5106960908773914e+01
11        1.5155467448e+01    8.5651695542908857e-01 8.5651695542908857e-01 1.5106983516451759e+01
12        1.5155531561e+01    8.5686708674524747e-01 8.5686708674524770e-01 1.5107008124832099e+01
13        1.5155601325e+01    8.5724951735462440e-01 8.5724951735462418e-01 1.5107034720602085e+01
14        1.5155676672e+01    8.5766373548926567e-01 8.5766373548926567e-01 1.5107063289510961e+01
15        1.5155757531e+01    8.5810918810278858e-01 8.5810918810278858e-01 1.5107093816417624e+01
16        1.5155843823e+01    8.5858528184392024e-01 8.5858528184392047e-01 1.5107126285339945e+01
17        1.5155935465e+01    8.5909138408989250e-01 8.5909138408989250e-01 1.5107160679505014e+01
18        1.5156032370e+01    8.5962682403630841e-01 8.5962682403630863e-01 1.5107196981399813e+01
19        1.5156134445e+01    8.6019089384002811e-01 8.6019089384002800e-01 1.5107235172822554e+01
20        1.5156241594e+01    8.6078284981160991e-01 8.6078284981161013e-01 1.5107275234933862e+01
21        1.5156353715e+01    8.6140191365378160e-01 8.6140191365378205e-01 1.5107317148307855e+01
22        1.5156470702e+01    8.6204727374247381e-01 8.6204727374247392e-01 1.5107360892983099e+01
23        1.5156592447e+01    8.6271808644693260e-01 8.6271808644693260e-01 1.5107406448512753e+01
24        1.5156718834e+01    8.6341347748544661e-01 8.6341347748544661e-01 1.5107453794014033e+01
25        1.5156849746e+01    8.6413254331328948e-01 8.6413254331328992e-01 1.5107502908217013e+01
26        1.5156985063e+01    8.6487435253949718e-01 8.6487435253949718e-01 1.5107553769512434e+01
27        1.5157124659e+01    8.6563794736914434e-01 8.6563794736914423e-01 1.5107606355998058e+01
28        1.5157268406e+01    8.6642234506786520e-01 8.6642234506786520e-01 1.5107660645524666e+01
29        1.5157416174e+01    8.6722653944538319e-01 8.6722653944538308e-01 1.5107716615739919e+01
30        1.5157567829e+01    8.6804950235493261e-01 8.6804950235493294e-01 1.5107774244131649e+01
31        1.5157723233e+01    8.6889018520546091e-01 8.6889018520546113e-01 1.5107833508069646e+01
32        1.5157882248e+01    8.6974752048365678e-01 8.6974752048365700e-01 1.5107894384845933e+01
33        1.5158044731e+01    8.7062042328285105e-01 8.7062042328285105e-01 1.5107956851713748e+01
34        1.5158210539e+01    8.7150779283601754e-01 8.7150779283601743e-01 1.5108020885925148e+01
35        1.5158379526e+01    8.7240851405012954e-01 8.7240851405012987e-01 1.5108086464767030e+01
36        1.5158551544e+01    8.7332145903930036e-01 8.7332145903930025e-01 1.5108153565595867e+01
37        1.5158726443e+01    8.7424548865418739e-01 8.7424548865418705e-01 1.5108222165870766e+01
38        1.5158904072e+01    8.7517945400533814e-01 8.7517945400533770e-01 1.5108292243185010e+01
39        1.5159084279e+01    8.7612219797818269e-01 8.7612219797818247e-01 1.5108363775296278e+01
40        1.5159266911e+01    8.7707255673762552e-01 8.7707255673762552e-01 1.5108436740155087e+01
41        1.5159451813e+01    8.7802936122020303e-01 8.7802936122020336e-01 1.5108511115931805e+01
42        1.5159638829e+01    8.7899143861198836e-01 8.7899143861198881e-01 1.5108586881042239e+01
43        1.5159827806e+01    8.7995761381050652e-01 8.7995761381050630e-01 1.5108664014171330e+01
44        1.5160018585e+01    8.8092671086907737e-01 8.8092671086907748e-01 1.5108742494295814e+01
45        1.5160211011e+01    8.8189755442209694e-01 8.8189755442209705e-01 1.5108822300704940e+01
46        1.5160404928e+01    8.8286897108991880e-01 8.8286897108991869e-01 1.5108903413020055e+01
47        1.5160600179e+01    8.8383979086208264e-01 8.8383979086208309e-01 1.5108985811212380e+01
48        1.5160796609e+01    8.8480884845777086e-01 8.8480884845777075e-01 1.5109069475619624e+01
49        1.5160994062e+01    8.8577498466244609e-01 8.8577498466244653e-01 1.5109154386961135e+01
50        1.5161192383e+01    8.8673704763974648e-01 8.8673704763974637e-01 1.5109240526351687e+01
51        1.5161391418e+01    8.8769389421779921e-01 8.8769389421779921e-01 1.5109327875313815e+01
52        1.5161591016e+01    8.8864439114916893e-01 8.8864439114916893e-01 1.5109416415789076e+01
53        1.5161791023e+01    8.8958741634380667e-01 8.8958741634380667e-01 1.5109506130148132e+01
54        1.5161991291e+01    8.9052186007434553e-01 8.9052186007434542e-01 1.5109597001199441e+01
55        1.5162191669e+01    8.9144662615323256e-01 8.9144662615323278e-01 1.5109689012196931e+01
56        1.5162392012e+01    8.9236063308122926e-01 8.9236063308122959e-01 1.5109782146846770e+01
57        1.5162592173e+01    8.9326281516683559e-01 8.9326281516683559e-01 1.5109876389312882e+01
58        1.5162792010e+01    8.9415212361633589e-01 8.9415212361633600e-01 1.5109971724221790e+01
59        1.5162991382e+01    8.9502752759408666e-01 8.9502752759408633e-01 1.5110068136666383e+01
60        1.5163190149e+01    8.9588801525283057e-01 8.9588801525283035e-01 1.5110165612208849e+01
61        1.5163388176e+01    8.9673259473384581e-01 8.9673259473384614e-01 1.5110264136883051e+01
62        1.5163585329e+01    8.9756029513666047e-01 8.9756029513666080e-01 1.5110363697196020e+01
63        1.5163781477e+01    8.9837016745828635e-01 8.9837016745828657e-01 1.5110464280128785e+01
64        1.5163976492e+01    8.9916128550181418e-01 8.9916128550181451e-01 1.5110565873136728e+01
65        1.5164170249e+01    8.9993274675429968e-01 8.9993274675429968e-01 1.5110668464149230e+01
66        1.5164362626e+01    9.0068367323387755e-01 9.0068367323387755e-01 1.5110772041569074e+01
67        1.5164553505e+01    9.0141321230612392e-01 9.0141321230612403e-01 1.5110876594271280e+01
68        1.5164742771e+01    9.0212053746959231e-01 9.0212053746959309e-01 1.5110982111601238e+01
69        1.5164930312e+01    9.0280484911058423e-01 9.0280484911058423e-01 1.5111088583373135e+01
70        1.5165116020e+01    9.0346537522718884e-01 9.0346537522718873e-01 1.5111195999867501e+01
71        1.5165299792e+01    9.0410137212260444e-01 9.0410137212260422e-01 1.5111304351828904e+01
72        1.5165481528e+01    9.0471212506782639e-01 9.0471212506782650e-01 1.5111413630463126e+01
73        1.5165661130e+01    9.0529694893377355e-01 9.0529694893377399e-01 1.5111523827434372e+01
74        1.5165838508e+01    9.0585518879290339e-01 9.0585518879290317e-01 1.5111634934862245e+01
75        1.5166013573e+01    9.0638622049041995e-01 9.0638622049042028e-01 1.5111746945318497e+01
76        1.5166186242e+01    9.0688945118518760e-01 9.0688945118518738e-01 1.5111859851824041e+01
77        1.5166356436e+01    9.0736431986036548e-01 9.0736431986036459e-01 1.5111973647845572e+01
78        1.5166524081e+01    9.0781029780396449e-01 9.0781029780396438e-01 1.5112088327292250e+01
79        1.5166689105e+01    9.0822688905931614e-01 9.0822688905931614e-01 1.5112203884512525e+01
80        1.5166851445e+01    9.0861363084562885e-01 9.0861363084562918e-01 1.5112320314290928e+01
81        1.5167011038e+01    9.0897009394866624e-01 9.0897009394866579e-01 1.5112437611844838e+01
82        1.5167167830e+01    9.0929588308165543e-01 9.0929588308165543e-01 1.5112555772821326e+01
83        1.5167321770e+01    9.0959063721652178e-01 9.0959063721652178e-01 1.5112674793294183e+01
84        1.5167472810e+01    9.0985402988550523e-01 9.0985402988550501e-01 1.5112794669760964e+01
85        1.5167620910e+01    9.1008576945323816e-01 9.1008576945323849e-01 1.5112915399140489e+01
86        1.5167766034e+01    9.1028559935933029e-01 9.1028559935932996e-01 1.5113036978769523e+01
87        1.5167908150e+01    9.1045329833156385e-01 9.1045329833156319e-01 1.5113159406400976e+01
88        1.5168047233e+01    9.1058868056968201e-01 9.1058868056968212e-01 1.5113282680201134e+01
89        1.5168183261e+01    9.1069159589985260e-01 9.1069159589985216e-01 1.5113406798747521e+01
90        1.5168316218e+01    9.1076192989982674e-01 9.1076192989982674e-01 1.5113531761027108e+01
91        1.5168446093e+01    9.1079960399478710e-01 9.1079960399478688e-01 1.5113657566433973e+01
92        1.5168572881e+01    9.1080457552394289e-01 9.1080457552394334e-01 1.5113784214768314e+01
93        1.5168696581e+01    9.1077683777779828e-01 9.1077683777779772e-01 1.5113911706234324e+01
94        1.5168817197e+01    9.1071642000616548e-01 9.1071642000616526e-01 1.5114040041439456e+01
95        1.5168934740e+01    9.1062338739682613e-01 9.1062338739682569e-01 1.5114169221392872e+01
96        1.5169049225e+01    9.1049784102484621e-01 9.1049784102484610e-01 1.5114299247504865e+01
97        1.5169160670e+01    9.1033991777250123e-01 9.1033991777250090e-01 1.5114430121585920e+01
98        1.5169269101e+01    9.1014979021976439e-01 9.1014979021976350e-01 1.5114561845846398e+01
99        1.5169374549e+01    9.0992766650523393e-01 9.0992766650523349e-01 1.5114694422895992e+01
100       1.5169477048e+01    9.0967379015753658e-01 9.0967379015753658e-01 1.5114827855743455e+01
-------------------------------------------------------------------

Total time on GPU: 7.618642 seconds
-------------------------------------------------------------------

