
**********************************************
Contact: Natoms = 1.00000000000e+04, as = 1.000000e+02 * a0, G = 1.085900e+03, G * par = 2.171801e+03
Regular DDI: add = 6.700000e+01 * a0, GD = 1.736905e+02, GD * par = 3.473811e+02, edd = 6.700000e-01
     Dipolar cutoff Scut = 8.416910e+00,

QF = 0

Trap parameters:
GAMMA = 1.000000e+00, NU = 1.000000e+00, LAMBDA = 4.361370e-02
Space discretization: NX = 128, NY = 128, NZ = 128
                      DX = 1.3151422150218750e-01, DY = 1.3151422150218750e-01, DZ = 2.2918125546406252e+00, mx = 1.00e+01, my = 1.00e+01, mz = 1.00e+01
      Unit of length: aho = 6.123800e-07 m

Time discretization: NITER = 1000000 (NSNAP = 1000000)
                     DT = 8.647995e-03, mt = 2.00e+00

file ./imag3d-finalpsi.bin
MUREL = 1.000000e-10, MUEND=1.000000e+02

---------------------------------------------------------------------------------
Snap      mu           Kin             Pot            Contact            DDI
---------------------------------------------------------------------------------
0         2.0661637375182331e+00 3.6103913107850144e-01 9.1702656096992996e-01 2.0795201818378164e+00 -1.2914221363680145e+00
1         2.0661913886413794e+00 3.6111929530612885e-01 9.1691601718933124e-01 2.0796931778301393e+00 -1.2915371016842199e+00
2         2.0662193365907369e+00 3.6120271959426514e-01 9.1680213880507655e-01 2.0798672307311086e+00 -1.2916527525397132e+00
3         2.0662476510131795e+00 3.6128920608030624e-01 9.1668506130701310e-01 2.0800427416403062e+00 -1.2917693580144458e+00
4         2.0662764060243539e+00 3.6137854743032044e-01 9.1656492399146217e-01 2.0802201423136486e+00 -1.2918872077110775e+00
5         2.0663056792836221e+00 3.6147052790948808e-01 9.1644186979703790e-01 2.0803998896307885e+00 -1.2920066080536923e+00
6         2.0663355510469188e+00 3.6156492449656347e-01 9.1631604513620946e-01 2.0805824598758091e+00 -1.2921278784616634e+00
7         2.0663661032126788e+00 3.6166150802559921e-01 9.1618759972282771e-01 2.0807683429270267e+00 -1.2922513474627748e+00
8         2.0663974183738452e+00 3.6176004433919934e-01 9.1605668639557813e-01 2.0809580364427842e+00 -1.2923773488037167e+00
9         2.0664295788881422e+00 3.6186029543910919e-01 9.1592346093775401e-01 2.0811520401217436e+00 -1.2925062176104647e+00
10        2.0664626659764265e+00 3.6196202062166516e-01 9.1578808189331784e-01 2.0813508501051725e+00 -1.2926382866437292e+00
11        2.0664967588576340e+00 3.6206497758730627e-01 9.1565071037953583e-01 2.0815549535785647e+00 -1.2927738826877730e+00
12        2.0665319339274766e+00 3.6216892351522473e-01 9.1551150989633334e-01 2.0817648236206905e+00 -1.2929133231047720e+00
13        2.0665682639863130e+00 3.6227361609556746e-01 9.1537064613256802e-01 2.0819809143388746e+00 -1.2930569125806972e+00
14        2.0666058175213906e+00 3.6237881451310761e-01 9.1522828676944978e-01 2.0822036563237316e+00 -1.2932049400848984e+00
15        2.0666446580472750e+00 3.6248428037715308e-01 9.1508460128131053e-01 2.0824334524501209e+00 -1.2933576760613092e+00
16        2.0666848435080332e+00 3.6258977859332331e-01 9.1493976073390348e-01 2.0826706740476895e+00 -1.2935153698668829e+00
17        2.0667264257438598e+00 3.6269507817350077e-01 9.1479393758060723e-01 2.0829156574591274e+00 -1.2936782474693755e+00
18        2.0667694500232838e+00 3.6279995298119683e-01 9.1464730545660744e-01 2.0831687009976849e+00 -1.2938465094122056e+00
19        2.0668139546406148e+00 3.6290418241095945e-01 9.1450003897147714e-01 2.0834300623058972e+00 -1.2940203290477188e+00
20        2.0668599705757340e+00 3.6300755200221790e-01 9.1435231350024693e-01 2.0836999561049772e+00 -1.2941998510317076e+00
21        2.0669075212117960e+00 3.6310985399024970e-01 9.1420430497339022e-01 2.0839785523122765e+00 -1.2943851900641206e+00
22        2.0669566221041649e+00 3.6321088779894722e-01 9.1405618966589364e-01 2.0842659744917533e+00 -1.2945764298524294e+00
23        2.0670072807932707e+00 3.6331046048180188e-01 9.1390814398568332e-01 2.0845622985950891e+00 -1.2947736222693036e+00
24        2.0670594966542053e+00 3.6340838711845108e-01 9.1376034426175456e-01 2.0848675519485060e+00 -1.2949767866745066e+00
25        2.0671132607762193e+00 3.6350449117409378e-01 9.1361296653219715e-01 2.0851817124417562e+00 -1.2951859093718279e+00
26        2.0671685558670290e+00 3.6359860482839329e-01 9.1346618633242060e-01 2.0855047078831186e+00 -1.2954009431769038e+00
27        2.0672253561785250e+00 3.6369056927904791e-01 9.1332017848387081e-01 2.0858364154932918e+00 -1.2956218070776857e+00
28        2.0672836274520949e+00 3.6378023502341628e-01 9.1317511688346942e-01 2.0861766615221673e+00 -1.2958483859769581e+00
29        2.0673433268837713e+00 3.6386746211971144e-01 9.1303117429403158e-01 2.0865252209836105e+00 -1.2960805305135821e+00
30        2.0674044031110865e+00 3.6395212042745684e-01 9.1288852213599558e-01 2.0868818175139734e+00 -1.2963180569663391e+00
31        2.0674667962243771e+00 3.6403408982520596e-01 9.1274733028062582e-01 2.0872461233682338e+00 -1.2965607472496887e+00
32        2.0675304378066355e+00 3.6411326040229630e-01 9.1260776684503719e-01 2.0876177595750076e+00 -1.2968083490157056e+00
33        2.0675952510061739e+00 3.6418953262040055e-01 9.1246999798922335e-01 2.0879962962755632e+00 -1.2970605758790132e+00
34        2.0676611506467215e+00 3.6426281744007794e-01 9.1233418771537322e-01 2.0883812532745929e+00 -1.2973171077833223e+00
35        2.0677280433794603e+00 3.6433303640736675e-01 9.1220049766978140e-01 2.0887721008306048e+00 -1.2975775915282926e+00
36        2.0677958278806847e+00 3.6440012169556618e-01 9.1206908694747946e-01 2.0891682607111282e+00 -1.2978416414734890e+00
37        2.0678643950984537e+00 3.6446401609791829e-01 9.1194011189999413e-01 2.0895691075350462e+00 -1.2981088404345049e+00
38        2.0679336285501893e+00 3.6452467296762670e-01 9.1181372594637677e-01 2.0899739704182059e+00 -1.2983787407820200e+00
39        2.0680034046724138e+00 3.6458205610267458e-01 9.1169007938779079e-01 2.0903821349326521e+00 -1.2986508657507034e+00
40        2.0680735932224721e+00 3.6463613957404595e-01 9.1156931922597073e-01 2.0907928453824729e+00 -1.2989247109600173e+00
41        2.0681440577306889e+00 3.6468690749719418e-01 9.1145158898569534e-01 2.0912053073915802e+00 -1.2991997461437808e+00
42        2.0682146560006727e+00 3.6473435374788393e-01 9.1133702854163945e-01 2.0916186907919592e+00 -1.2994754170808098e+00
43        2.0682852406539354e+00 3.6477848162472681e-01 9.1122577394973070e-01 2.0920321327933755e+00 -1.2997511477138974e+00
44        2.0683556597146096e+00 3.6481930346189084e-01 9.1111795728343992e-01 2.0924447414100684e+00 -1.3000263424407896e+00
45        2.0684257572285270e+00 3.6485684019636583e-01 9.1101370647498092e-01 2.0928555991137432e+00 -1.3003003885565627e+00
46        2.0684953739111807e+00 3.6489112089505771e-01 9.1091314516187716e-01 2.0932637666791902e+00 -1.3005726588249444e+00
47        2.0685643478182265e+00 3.6492218224752798e-01 9.1081639253901447e-01 2.0936682871851082e+00 -1.3008425141534243e+00
48        2.0686325150320868e+00 3.6495006803061519e-01 9.1072356321636505e-01 2.0940681901313578e+00 -1.3011093063462513e+00
49        2.0686997103581559e+00 3.6497482855136965e-01 9.1063476708263191e-01 2.0944624956329010e+00 -1.3013723809087465e+00
50        2.0687657680244502e+00 3.6499652007480787e-01 9.1055010917495749e-01 2.0948502186515605e+00 -1.3016310798768755e+00
51        2.0688305223785957e+00 3.6501520424276668e-01 9.1046968955487195e-01 2.0952303732275475e+00 -1.3018847446465902e+00
52        2.0688938085765929e+00 3.6503094748994525e-01 9.1039360319066687e-01 2.0956019766752263e+00 -1.3021327187792453e+00
53        2.0689554632581779e+00 3.6504382046277289e-01 9.1032193984630883e-01 2.0959640537097681e+00 -1.3023743507606720e+00
54        2.0690153252039374e+00 3.6505389744627609e-01 9.1025478397696324e-01 2.0963156404745895e+00 -1.3026089966938916e+00
55        2.0690732359706407e+00 3.6506125580362292e-01 9.1019221463143818e-01 2.0966557884433876e+00 -1.3028360229078080e+00
56        2.0691290405004730e+00 3.6506597543234703e-01 9.1013430536132933e-01 2.0969835681726590e+00 -1.3030548084658622e+00
57        2.0691825877020511e+00 3.6506813824080786e-01 9.1008112413730824e-01 2.0972980728860686e+00 -1.3032647475621335e+00
58        2.0692337310001783e+00 3.6506782764771400e-01 9.1003273327234746e-01 2.0975984218736738e+00 -1.3034652517935572e+00
59        2.0692823288529114e+00 3.6506512810708486e-01 9.0998918935209849e-01 2.0978837636937833e+00 -1.3036557523000551e+00
60        2.0693282452343196e+00 3.6506012466041726e-01 9.0995054317241264e-01 2.0981532791673438e+00 -1.3038357017658542e+00
61        2.0693713500819966e+00 3.6505290251733935e-01 9.0991683968403247e-01 2.0984061841581809e+00 -1.3040045762775563e+00
62        2.0694115197090861e+00 3.6504354666562477e-01 9.0988811794458258e-01 2.0986417321351487e+00 -1.3041618770362697e+00
63        2.0694486371802290e+00 3.6503214151094643e-01 9.0986441107769178e-01 2.0988592165140711e+00 -1.3043071319224804e+00
64        2.0694825926518639e+00 3.6501877054647697e-01 9.0984574623943570e-01 2.0990579727797272e+00 -1.3044398969137760e+00
65        2.0695132836772112e+00 3.6500351605206272e-01 9.0983214459197570e-01 2.0992373803902060e+00 -1.3045597573570329e+00
66        2.0695406154764724e+00 3.6498645882247943e-01 9.0982362128444283e-01 2.0993968644666134e+00 -1.3046663290970633e+00
67        2.0695645011732666e+00 3.6496767792404905e-01 9.0982018544105192e-01 2.0995358972734275e+00 -1.3047592594652617e+00
68        2.0695848619979293e+00 3.6494725047867893e-01 9.0982184015631085e-01 2.0996539994947536e+00 -1.3048382281318140e+00
69        2.0696016274590940e+00 3.6492525147430516e-01 9.0982858249744936e-01 2.0997507413133665e+00 -1.3049029478260270e+00
70        2.0696147354845049e+00 3.6490175360059240e-01 9.0984040351390449e-01 2.0998257432996281e+00 -1.3049531649296202e+00
71        2.0696241325322871e+00 3.6487682710861197e-01 9.0985728825382473e-01 2.0998786771176623e+00 -1.3049886599478118e+00
72        2.0696297736739990e+00 3.6485053969325593e-01 9.0987921578759956e-01 2.0999092660568710e+00 -1.3050092478637272e+00
73        2.0696316226506912e+00 3.6482295639708334e-01 9.0990615923824458e-01 2.0999172853967858e+00 -1.3050147783814228e+00
74        2.0696296519033242e+00 3.6479413953424072e-01 9.0993808581868629e-01 2.0999025626133498e+00 -1.3050051360629529e+00
75        2.0696238425786371e+00 3.6476414863316958e-01 9.0997495687574925e-01 2.0998649774344660e+00 -1.3049802403647477e+00
76        2.0696141845119307e+00 3.6473304039681020e-01 9.1001672794085575e-01 2.0998044617530720e+00 -1.3049400455788074e+00
77        2.0696006761878745e+00 3.6470086867904733e-01 9.1006334878728823e-01 2.0997209994054522e+00 -1.3048845406839129e+00
78        2.0695833246805484e+00 3.6466768447614467e-01 9.1011476349398357e-01 2.0996146258221438e+00 -1.3048137491117235e+00
79        2.0695621455738435e+00 3.6463353593203657e-01 9.1017091051565746e-01 2.0994854275590749e+00 -1.3047277284329255e+00
80        2.0695371628633104e+00 3.6459846835632220e-01 9.1023172275923248e-01 2.0993335417156724e+00 -1.3046265699679169e+00
81        2.0695084088406608e+00 3.6456252425390717e-01 9.1029712766645898e-01 2.0991591552471127e+00 -1.3045103983268180e+00
82        2.0694759239617704e+00 3.6452574336528226e-01 9.1036704730257800e-01 2.0989625041768685e+00 -1.3043793708829583e+00
83        2.0694397566993015e+00 3.6448816271647067e-01 9.1044139845092942e-01 2.0987438727159575e+00 -1.3042336771840557e+00
84        2.0693999633805964e+00 3.6444981667774329e-01 9.1052009271333478e-01 2.0985035922944295e+00 -1.3040735383049111e+00
85        2.0693566080121975e+00 3.6441073703029192e-01 9.1060303661623343e-01 2.0982420405113178e+00 -1.3038992061456458e+00
86        2.0693097620913208e+00 3.6437095304002487e-01 9.1069013172230073e-01 2.0979596400076201e+00 -1.3037109626786250e+00
87        2.0692595044054678e+00 3.6433049153780694e-01 9.1078127474753934e-01 2.0976568572677885e+00 -1.3035091191476671e+00
88        2.0692059208206994e+00 3.6428937700543834e-01 9.1087635768363384e-01 2.0973342013543594e+00 -1.3032940152227321e+00
89        2.0691491040592536e+00 3.6424763166673796e-01 9.1097526792539540e-01 2.0969922225799142e+00 -1.3030660181127938e+00
90        2.0690891534675737e+00 3.6420527558322169e-01 9.1107788840328108e-01 2.0966315111210747e+00 -1.3028255216400038e+00
91        2.0690261747746437e+00 3.6416232675374838e-01 9.1118409772067033e-01 2.0962526955777188e+00 -1.3025729452774939e+00
92        2.0689602798421167e+00 3.6411880121778362e-01 9.1129377029588432e-01 2.0958564414819767e+00 -1.3023087331535281e+00
93        2.0688915864059467e+00 3.6407471316175299e-01 9.1140677650869095e-01 2.0954434497595802e+00 -1.3020333530240777e+00
94        2.0688202178107282e+00 3.6403007502814821e-01 9.1152298285122813e-01 2.0950144551474441e+00 -1.3017472952160920e+00
95        2.0687463027367254e+00 3.6398489762704750e-01 9.1164225208309391e-01 2.0945702245699414e+00 -1.3014510715433574e+00
96        2.0686699749204243e+00 3.6393919024974758e-01 9.1176444339050577e-01 2.0941115554770509e+00 -1.3011452141968800e+00
97        2.0685913728687808e+00 3.6389296078425404e-01 9.1188941254933575e-01 2.0936392741465260e+00 -1.3008302746113354e+00
98        2.0685106395675854e+00 3.6384621583241633e-01 9.1201701209185537e-01 2.0931542339525415e+00 -1.3005068223092282e+00
99        2.0684279221844393e+00 3.6379896082854729e-01 9.1214709147698114e-01 2.0926573136030280e+00 -1.3001754437241173e+00
100       2.0683433717665811e+00 3.6375120015940127e-01 9.1227949726396174e-01 2.0921494153473885e+00 -1.2998367410041705e+00
101       2.0682571429336729e+00 3.6370293728536979e-01 9.1241407328914459e-01 2.0916314631561979e+00 -1.2994913307970395e+00
102       2.0681693935661456e+00 3.6365417486292373e-01 9.1255066084582948e-01 2.0911044008746624e+00 -1.2991398430172703e+00
103       2.0680802844891377e+00 3.6360491486822427e-01 9.1268909886692029e-01 2.0905691903508452e+00 -1.2987829195968519e+00
104       2.0679899791520389e+00 3.6355515872193150e-01 9.1282922411017597e-01 2.0900268095395722e+00 -1.2984212132196409e+00
105       2.0678986433043072e+00 3.6350490741529851e-01 9.1297087134599075e-01 2.0894782505834377e+00 -1.2980553860404200e+00
106       2.0678064446671245e+00 3.6345416163762528e-01 9.1311387354736706e-01 2.0889245178708591e+00 -1.2976861083887270e+00
107       2.0677135526013863e+00 3.6340292190518531e-01 9.1325806208200166e-01 2.0883666260722684e+00 -1.2973140574580693e+00
108       2.0676201377719607e+00 3.6335118869180910e-01 9.1340326690625262e-01 2.0878055981544299e+00 -1.2969399159805310e+00
109       2.0675263718082748e+00 3.6329896256130290e-01 9.1354931676077600e-01 2.0872424633731899e+00 -1.2965643708869938e+00
110       2.0674324269613109e+00 3.6324624430190255e-01 9.1369603936767807e-01 2.0866782552446939e+00 -1.2961881119529635e+00
111       2.0673384757570115e+00 3.6319303506302109e-01 9.1384326162894702e-01 2.0861140094949358e+00 -1.2958118304298922e+00
112       2.0672446906460871e+00 3.6313933649452779e-01 9.1399080982600733e-01 2.0855507619874905e+00 -1.2954362176619385e+00
113       2.0671512436502626e+00 3.6308515088885290e-01 9.1413850982013567e-01 2.0849895466293056e+00 -1.2950619636880318e+00
114       2.0670583060049434e+00 3.6303048132614962e-01 9.1428618725359478e-01 2.0844313932541350e+00 -1.2946897558289361e+00
115       2.0669660477983203e+00 3.6297533182284314e-01 9.1443366775126667e-01 2.0838773254835932e+00 -1.2943202772593825e+00
116       2.0668746376069889e+00 3.6291970748381203e-01 9.1458077712253272e-01 2.0833283585655482e+00 -1.2939542055649043e+00
117       2.0667842421280334e+00 3.6286361465844524e-01 9.1472734156328839e-01 2.0827854971899487e+00 -1.2935922112836491e+00
118       2.0666950258077423e+00 3.6280706110082395e-01 9.1487318785777161e-01 2.0822497332822243e+00 -1.2932349564330774e+00
119       2.0666071504672132e+00 3.6275005613419431e-01 9.1501814358012201e-01 2.0817220437748012e+00 -1.2928830930219040e+00
120       2.0665207749246841e+00 3.6269261081987814e-01 9.1516203729528556e-01 2.0812033883574603e+00 -1.2925372615479400e+00
121       2.0664360546153762e+00 3.6263473813067965e-01 9.1530469875928455e-01 2.0806947072080622e+00 -1.2921980894826501e+00
122       2.0663531412089422e+00 3.6257645312876080e-01 9.1544595911840798e-01 2.0801969187053131e+00 -1.2918661897435397e+00
123       2.0662721822249219e+00 3.6251777314787015e-01 9.1558565110725931e-01 2.0797109171259840e+00 -1.2915421591561917e+00
124       2.0661933206473133e+00 3.6245871797969409e-01 9.1572360924542773e-01 2.0792375703304100e+00 -1.2912265769082187e+00
125       2.0661166945383460e+00 3.6239931006389048e-01 9.1585967003243285e-01 2.0787777174395767e+00 -1.2909200029975538e+00
126       2.0660424366532477e+00 3.6233957468133532e-01 9.1599367214094896e-01 2.0783321665101404e+00 -1.2906229766791770e+00
127       2.0659706740563504e+00 3.6227954014976099e-01 9.1612545660787748e-01 2.0779016922125653e+00 -1.2903360149138532e+00
128       2.0659015277406572e+00 3.6221923802094530e-01 9.1625486702320480e-01 2.0774870335210514e+00 -1.2900596108245443e+00
129       2.0658351122518064e+00 3.6215870327818672e-01 9.1638174971628361e-01 2.0770888914234198e+00 -1.2897942321660836e+00
130       2.0657715353187913e+00 3.6209797453276626e-01 9.1650595393946110e-01 2.0767079266620061e+00 -1.2895403198154423e+00
131       2.0657108974931093e+00 3.6203709421764418e-01 9.1662733204866187e-01 2.0763447575169987e+00 -1.2892982862901956e+00
132       2.0656532917992001e+00 3.6197610877656350e-01 9.1674573968091366e-01 2.0759999576465411e+00 -1.2890685143048179e+00
133       2.0655988033981916e+00 3.6191506884627278e-01 9.1686103592837087e-01 2.0756740539980263e+00 -1.2888513553744783e+00
134       2.0655475092682027e+00 3.6185402942943795e-01 9.1697308350873663e-01 2.0753675248077887e+00 -1.2886471284777608e+00
135       2.0654994779042024e+00 3.6179305005551510e-01 9.1708174893186978e-01 2.0750807977074452e+00 -1.2884561187906280e+00
136       2.0654547690406337e+00 3.6173219492657221e-01 9.1718690266223746e-01 2.0748142479563936e+00 -1.2882785765045695e+00
137       2.0654134334002783e+00 3.6167153304485822e-01 9.1728841927711258e-01 2.0745681968212710e+00 -1.2881147157429638e+00
138       2.0653755124729485e+00 3.6161113831876568e-01 9.1738617762021690e-01 2.0743429101241109e+00 -1.2879647135901449e+00
139       2.0653410383276301e+00 3.6155108964363797e-01 9.1748006095061907e-01 2.0741385969813280e+00 -1.2878287092479548e+00
140       2.0653100334614574e+00 3.6149147095387452e-01 9.1756995708661548e-01 2.0739554087557197e+00 -1.2877068033347523e+00
141       2.0652825106892410e+00 3.6143237124279720e-01 9.1765575854444126e-01 2.0737934382434111e+00 -1.2875990573414087e+00
142       2.0652584730765273e+00 3.6137388454680847e-01 9.1773736267154926e-01 2.0736527191164491e+00 -1.2875054932582799e+00
143       2.0652379139192480e+00 3.6131610989067714e-01 9.1781467177424636e-01 2.0735332256402663e+00 -1.2874260933859416e+00
144       2.0652208167722570e+00 3.6125915119101565e-01 9.1788759323950220e-01 2.0734348726825487e+00 -1.2873608003408095e+00
145       2.0652071555288574e+00 3.6120311711557629e-01 9.1795603965071759e-01 2.0733575160276527e+00 -1.2873095172650892e+00
146       2.0651968945522148e+00 3.6114812089644005e-01 9.1801992889723516e-01 2.0733009530058641e+00 -1.2872721082473249e+00
147       2.0651899888595064e+00 3.6109428009599348e-01 9.1807918427746016e-01 2.0732649234436731e+00 -1.2872483989576200e+00
148       2.0651863843580736e+00 3.6104171632523824e-01 9.1813373459535319e-01 2.0732491109350812e+00 -1.2872381774975992e+00
149       2.0651860181325921e+00 3.6099055491496451e-01 9.1818351425021671e-01 2.0732531444296476e+00 -1.2872411954622367e+00
150       2.0651888187808196e+00 3.6094092454114135e-01 9.1822846331948837e-01 2.0732766001265999e+00 -1.2872571692064103e+00
151       2.0651947067952356e+00 3.6089295680687933e-01 9.1826852763459699e-01 2.0733190036595395e+00 -1.2872857813057803e+00
152       2.0652035949863747e+00 3.6084678578418122e-01 9.1830365884955267e-01 2.0733798325505219e+00 -1.2873266821978808e+00
153       2.0652153889435922e+00 3.6080254751952773e-01 9.1833381450232932e-01 2.0734585189080672e+00 -1.2873794919863319e+00
154       2.0652299875281810e+00 3.6076037950807943e-01 9.1835895806884438e-01 2.0735544523398586e+00 -1.2874438023886015e+00
155       2.0652472833935995e+00 3.6072042014175087e-01 9.1837905900952910e-01 2.0736669830484868e+00 -1.2875191788061671e+00
156       2.0652671635273583e+00 3.6068280813669795e-01 9.1839409280834639e-01 2.0737954250772779e+00 -1.2876051624949643e+00
157       2.0652895098097210e+00 3.6064768194585389e-01 9.1840404100433826e-01 2.0739390596744944e+00 -1.2877012728149657e+00
158       2.0653141995844750e+00 3.6061517916179492e-01 9.1840889121550628e-01 2.0740971387458340e+00 -1.2878070095386602e+00
159       2.0653411062381521e+00 3.6058543591472064e-01 9.1840863715517085e-01 2.0742688883697844e+00 -1.2879218552015235e+00
160       2.0653700997850635e+00 3.6055858626944504e-01 9.1840327864070515e-01 2.0744535123559467e+00 -1.2880452774810334e+00
161       2.0654010474564495e+00 3.6053476162424125e-01 9.1839282159466507e-01 2.0746501958330126e+00 -1.2881767315954695e+00
162       2.0654338142936632e+00 3.6051409011307362e-01 9.1837727803834157e-01 2.0748581088611000e+00 -1.2883156627188521e+00
163       2.0654682637464492e+00 3.6049669601151596e-01 9.1835666607779143e-01 2.0750764100707038e+00 -1.2884615084135620e+00
164       2.0655042582779934e+00 3.6048269914526654e-01 9.1833100988233440e-01 2.0753042503369081e+00 -1.2886137010865153e+00
165       2.0655416599795227e+00 3.6047221429921877e-01 9.1830033965553004e-01 2.0755407765032516e+00 -1.2887716704784782e+00
166       2.0655803311973076e+00 3.6046535062430463e-01 9.1826469159880819e-01 2.0757851351719072e+00 -1.2889348461977126e+00
167       2.0656201351741466e+00 3.6046221103915771e-01 9.1822410786764497e-01 2.0760364765758217e+00 -1.2891026603084776e+00
168       2.0656609367067986e+00 3.6046289162406542e-01 9.1817863652051457e-01 2.0762939585443085e+00 -1.2892745499820901e+00
169       2.0657026028185834e+00 3.6046748100577158e-01 9.1812833146050310e-01 2.0765567505645075e+00 -1.2894499602121985e+00
170       2.0657450034449867e+00 3.6047605973341768e-01 9.1807325236985471e-01 2.0768240379304683e+00 -1.2896283465887544e+00
171       2.0657880121270975e+00 3.6048869964797520e-01 9.1801346463741895e-01 2.0770950259574597e+00 -1.2898091781157561e+00
172       2.0658315067062114e+00 3.6050546324988125e-01 9.1794903927913707e-01 2.0773689442264378e+00 -1.2899919400492448e+00
173       2.0658753700110255e+00 3.6052640307161049e-01 9.1788005285166618e-01 2.0776450508123991e+00 -1.2901761367246505e+00
174       2.0659194905285307e+00 3.6055156106354969e-01 9.1780658735933229e-01 2.0779226364437493e+00 -1.2903612943381004e+00
175       2.0659637630495018e+00 3.6058096800215261e-01 9.1772873015442480e-01 2.0782010285379764e+00 -1.2905469636450522e+00
176       2.0660080892806900e+00 3.6061464292925532e-01 9.1764657383107762e-01 2.0784795950622761e+00 -1.2907327225419192e+00
177       2.0660523784171394e+00 3.6065259263056498e-01 9.1756021611288519e-01 2.0787577481745925e+00 -1.2909181785009034e+00
178       2.0660965476690647e+00 3.6069481115996571e-01 9.1746975973435807e-01 2.0790349476078682e+00 -1.2911029708331274e+00
179       2.0661405227385847e+00 3.6074127941517903e-01 9.1737531231643255e-01 2.0793107037660343e+00 -1.2912867727590611e+00
180       2.0661842382416635e+00 3.6079196476961628e-01 9.1727698623623855e-01 2.0795845805024586e+00 -1.2914692932666503e+00
181       2.0662276380697082e+00 3.6084682076529895e-01 9.1717489849128975e-01 2.0798561975488736e+00 -1.2916502787357540e+00
182       2.0662706756842542e+00 3.6090578687245328e-01 9.1706917055828452e-01 2.0801252325575468e+00 -1.2918295143040306e+00
183       2.0663133143371102e+00 3.6096878832250651e-01 9.1695992824672157e-01 2.0803914227125944e+00 -1.2920068249447121e+00
184       2.0663555272076701e+00 3.6103573602230704e-01 9.1684730154762861e-01 2.0806545658609492e+00 -1.2921820762232143e+00
185       2.0663972974490035e+00 3.6110652655809355e-01 9.1673142447746536e-01 2.0809145211114060e+00 -1.2923551746979616e+00
186       2.0664386181348862e+00 3.6118104229777431e-01 9.1661243491752586e-01 2.0811712088514804e+00 -1.2925260679318942e+00
187       2.0664794921019469e+00 3.6125915159940347e-01 9.1649047444904974e-01 2.0814246101394933e+00 -1.2926947440859999e+00
188       2.0665199316826244e+00 3.6134070913215882e-01 9.1636568818418251e-01 2.0816747654397321e+00 -1.2928612310734491e+00
189       2.0665599583282077e+00 3.6142555631379664e-01 9.1623822459308235e-01 2.0819217726852575e+00 -1.2930255952639287e+00
190       2.0665996021242381e+00 3.6151352186557240e-01 9.1610823532732866e-01 2.0821657846717483e+00 -1.2931879397404111e+00
191       2.0666389012042372e+00 3.6160442248211522e-01 9.1597587503982425e-01 2.0824070058072164e+00 -1.2933484021249186e+00
192       2.0666779010709568e+00 3.6169806361005058e-01 9.1584130120147289e-01 2.0826456882636513e+00 -1.2935071520042181e+00
193       2.0667166538373727e+00 3.6179424032570989e-01 9.1570467391467858e-01 2.0828821275959957e+00 -1.2936643879990113e+00
194       2.0667552174017985e+00 3.6189273829924801e-01 9.1556615572402444e-01 2.0831166579094833e+00 -1.2938203345309573e+00
195       2.0667936545723422e+00 3.6199333483025115e-01 9.1542591142417440e-01 2.0833496466662487e+00 -1.2939752383483321e+00
196       2.0668320321566069e+00 3.6209579993868318e-01 9.1528410786524594e-01 2.0835814892271709e+00 -1.2941293648744929e+00
197       2.0668704200320023e+00 3.6219989749464315e-01 9.1514091375587203e-01 2.0838126032246813e+00 -1.2942829944431939e+00
198       2.0669088902104717e+00 3.6230538637085979e-01 9.1499649946400552e-01 2.0840434228569173e+00 -1.2944364184813109e+00
199       2.0669475159108921e+00 3.6241202160293906e-01 9.1485103681581870e-01 2.0842743931871484e+00 -1.2945899356950137e+00
200       2.0669863706498597e+00 3.6251955554381865e-01 9.1470469889274542e-01 2.0845059645218562e+00 -1.2947438483085607e+00
201       2.0670255273605536e+00 3.6262773900057887e-01 9.1455765982692483e-01 2.0847385869316915e+00 -1.2948984583986416e+00
202       2.0670650575477096e+00 3.6273632234349945e-01 9.1441009459527944e-01 2.0849727049694544e+00 -1.2950540643605237e+00
203       2.0671050304849681e+00 3.6284505657878618e-01 9.1426217881233829e-01 2.0852087526294967e+00 -1.2952109575356530e+00
204       2.0671455124604012e+00 3.6295369437798009e-01 9.1411408852213816e-01 2.0854471485862605e+00 -1.2953694190259777e+00
205       2.0671865660745170e+00 3.6306199105812548e-01 9.1396599998933781e-01 2.0856882917425135e+00 -1.2955297167154598e+00
206       2.0672282495947236e+00 3.6316970550780647e-01 9.1381808948985166e-01 2.0859325571128542e+00 -1.2956921025157888e+00
207       2.0672706163690755e+00 3.6327660105495629e-01 9.1367053310117530e-01 2.0861802920634753e+00 -1.2958568098505314e+00
208       2.0673137143018550e+00 3.6338244627318222e-01 9.1352350649270331e-01 2.0864318129238906e+00 -1.2960240513879211e+00
209       2.0673575853913606e+00 3.6348701572428588e-01 9.1337718471629525e-01 2.0866874019790909e+00 -1.2961940170283115e+00
210       2.0674022653296502e+00 3.6359009063598258e-01 9.1323174199725898e-01 2.0869473048429183e+00 -1.2963668721465098e+00
211       2.0674477831619211e+00 3.6369145951536236e-01 9.1308735152618192e-01 2.0872117282032061e+00 -1.2965427560828293e+00
212       2.0674941610013322e+00 3.6379091870027658e-01 9.1294418525165766e-01 2.0874808379191010e+00 -1.2967217808697029e+00
213       2.0675414137943866e+00 3.6388827285255682e-01 9.1280241367434711e-01 2.0877547574425224e+00 -1.2969040301750399e+00
214       2.0675895491307785e+00 3.6398333539821687e-01 9.1266220564257494e-01 2.0880335665291319e+00 -1.2970895584391453e+00
215       2.0676385670912847e+00 3.6407592892058677e-01 9.1252372814965266e-01 2.0883173002010222e+00 -1.2972783901799771e+00
216       2.0676884601285206e+00 3.6416588551253198e-01 9.1238714613333805e-01 2.0886059479252332e+00 -1.2974705194425826e+00
217       2.0677392129755159e+00 3.6425304709336381e-01 9.1225262227754478e-01 2.0888994529757898e+00 -1.2976659093711822e+00
218       2.0677908025787803e+00 3.6433726569506486e-01 9.1212031681659955e-01 2.0891977119542968e+00 -1.2978644918871807e+00
219       2.0678431980543754e+00 3.6441840372111389e-01 9.1199038734236038e-01 2.0895005744536834e+00 -1.2980661674627822e+00
220       2.0678963606662539e+00 3.6449633417958055e-01 9.1186298861431392e-01 2.0898078428574913e+00 -1.2982708049851317e+00
221       2.0679502438281538e+00 3.6457094089071046e-01 9.1173827237301319e-01 2.0901192722770969e+00 -1.2984782417126666e+00
222       2.0680047931310872e+00 3.6464211866775903e-01 9.1161638715698889e-01 2.0904345706361345e+00 -1.2986882833297955e+00
223       2.0680599463994538e+00 3.6470977346872724e-01 9.1149747812343884e-01 2.0907533989177858e+00 -1.2989007041104983e+00
224       2.0681156337791871e+00 3.6477382251569640e-01 9.1138168687286047e-01 2.0910753715947501e+00 -1.2991152472041196e+00
225       2.0681717778618487e+00 3.6483419437797793e-01 9.1126915127791019e-01 2.0914000572643179e+00 -1.2993316250583571e+00
226       2.0682282938482128e+00 3.6489082901493802e-01 9.1116000531663532e-01 2.0917269795114142e+00 -1.2995495199947749e+00
227       2.0682850897547485e+00 3.6494367777450426e-01 9.1105437891034291e-01 2.0920556180213308e+00 -1.2997685849514293e+00
228       2.0683420666657066e+00 3.6499270334363632e-01 9.1095239776634584e-01 2.0923854099608246e+00 -1.2999884444051004e+00
229       2.0683991190327240e+00 3.6503787964771905e-01 9.1085418322570377e-01 2.0927157516422819e+00 -1.3002086954829803e+00
230       2.0684561350229380e+00 3.6507919169661740e-01 9.1075985211626997e-01 2.0930460004797440e+00 -1.3004289092696932e+00
231       2.0685129969154747e+00 3.6511663537615852e-01 9.1066951661117745e-01 2.0933754772399542e+00 -1.3006486323118152e+00
232       2.0685695815451450e+00 3.6515021718486046e-01 9.1058328409302025e-01 2.0937034685844993e+00 -1.3008673883172350e+00
233       2.0686257607911074e+00 3.6517995391689195e-01 9.1050125702385987e-01 2.0940292298929828e+00 -1.3010846800426275e+00
234       2.0686814021073627e+00 3.6520587229334223e-01 9.1042353282133193e-01 2.0943519883505104e+00 -1.3012999913578216e+00
235       2.0687363690908716e+00 3.6522800854489534e-01 9.1035020374097908e-01 2.0946709462771045e+00 -1.3015127894721072e+00
236       2.0687905220824421e+00 3.6524640794994706e-01 9.1028135676499866e-01 2.0949852846716732e+00 -1.3017225273041770e+00
237       2.0688437187951259e+00 3.6526112433296848e-01 9.1021707349756498e-01 2.0952941669392766e+00 -1.3019286459746842e+00
238       2.0688958149643106e+00 3.6527221952853350e-01 9.1015743006694649e-01 2.0955967427673738e+00 -1.3021305773985430e+00
239       2.0689466650132742e+00 3.6527976281679897e-01 9.1010249703442747e-01 2.0958921521145006e+00 -1.3023277469524532e+00
240       2.0689961227285525e+00 3.6528383033656309e-01 9.1005233931033325e-01 2.0961795292747949e+00 -1.3025195761931385e+00
241       2.0690440419386031e+00 3.6528450448200039e-01 9.1000701607714518e-01 2.0964580069804937e+00 -1.3027054856010363e+00
242       2.0690902771904782e+00 3.6528187328919981e-01 9.0996658071986658e-01 2.0967267205070517e+00 -1.3028848973256399e+00
243       2.0691346844187022e+00 3.6527602981833912e-01 9.0993108076375728e-01 2.0969848117456515e+00 -1.3030572379090457e+00
244       2.0691771216013297e+00 3.6526707153706206e-01 9.0990055781943557e-01 2.0972314332109265e+00 -1.3032219409660943e+00
245       2.0692174493986277e+00 3.6525509971024012e-01 9.0987504753549520e-01 2.0974657519541178e+00 -1.3033784498012251e+00
246       2.0692555317702332e+00 3.6524021880079932e-01 9.0985457955862348e-01 2.0976869533547893e+00 -1.3035262199439788e+00
247       2.0692912365669498e+00 3.6522253588581610e-01 9.0983917750130139e-01 2.0978942447670565e+00 -1.3036647215872241e+00
248       2.0693244360943144e+00 3.6520216009158690e-01 9.0982885891706800e-01 2.0980868589999413e+00 -1.3037934419142818e+00
249       2.0693550076451448e+00 3.6517920205080800e-01 9.0982363528339105e-01 2.0982640576142657e+00 -1.3039118873033200e+00
250       2.0693828339988913e+00 3.6515377338451821e-01 9.0982351199207157e-01 2.0984251340215456e+00 -1.3040195853992440e+00
251       2.0694078038863442e+00 3.6512598621095438e-01 9.0982848834731533e-01 2.0985694163737754e+00 -1.3041160870457007e+00
252       2.0694298124181274e+00 3.6509595268297235e-01 9.0983855757120513e-01 2.0986962702349792e+00 -1.3042009680710294e+00
253       2.0694487614765094e+00 3.6506378455527061e-01 9.0985370681679167e-01 2.0988051010289626e+00 -1.3042738309245157e+00
254       2.0694645600697132e+00 3.6502959278223251e-01 9.0987391718853017e-01 2.0988953562591424e+00 -1.3043343061601920e+00
255       2.0694771246488615e+00 3.6499348714683866e-01 9.0989916377014080e-01 2.0989665274991798e+00 -1.3043820537672977e+00
256       2.0694863793875795e+00 3.6495557592075090e-01 9.0992941565976926e-01 2.0990181521547178e+00 -1.3044167643476583e+00
257       2.0694922564247284e+00 3.6491596555541989e-01 9.0996463601237065e-01 2.0990498149983008e+00 -1.3044381601413628e+00
258       2.0694946960707532e+00 3.6487476040376010e-01 9.1000478208918179e-01 2.0990611494808724e+00 -1.3044459959030610e+00
259       2.0694936469787635e+00 3.6483206247174360e-01 9.1004980531427415e-01 2.0990518388249280e+00 -1.3044400596321823e+00
260       2.0694890662809389e+00 3.6478797119909329e-01 9.1009965133797954e-01 2.0990216169048432e+00 -1.3044201731609772e+00
261     