
**********************************************
Contact: Natoms = 1.50000000000e+03, as = 7.000000e+01 * a0, G = 1.257538e+02, G * par = 2.515076e+02
Regular DDI: add = 1.326070e+02 * a0, GD = 5.687232e+01, GD * par = 1.137446e+02, edd = 1.894386e+00
     Dipolar cutoff Scut = 3.000000e+00,

QF = 1: h2 = 2.175508e+02,       q5 = 6.810518e+00, 

Trap parameters:
GAMMA = 0.000000e+00, NU = 0.000000e+00, LAMBDA = 0.000000e+00
Space discretization: NX = 128, NY = 128, NZ = 128
                      DX = 4.6875000000000000e-02, DY = 4.6875000000000000e-02, DZ = 3.1250000000000000e-01, mx = 1.00e+01, my = 1.00e+01, mz = 1.00e+01
      Unit of length: aho = 5.552380e-07 m

Time discretization: NITER = 1000000 (NSNAP = 10000)
                     DT = 1.098633e-03, mt = 2.00e+00

Gaussian
               SX = 3.000000e-01, SY = 3.000000e-01, SZ = 2.000000e+00
MUREL = 1.000000e-10, MUEND=1.000000e+04

---------------------------------------------------------------------------------
Snap      mu           Kin             Pot            Contact            DDI            QF
---------------------------------------------------------------------------------
0         -1.6206883504948859e+00 2.8089236679147147e+00 0.0000000000000000e+00 1.5683168618393474e+01 -2.5877885527403016e+01 5.7651048905999422e+00
1         -2.2975534242136426e+00 3.3351905174922543e+00 0.0000000000000000e+00 1.9690909006084141e+01 -3.3656156337822793e+01 8.3325033900327554e+00
2         -2.3390722567854763e+00 3.4600535546788809e+00 0.0000000000000000e+00 2.0534365689807867e+01 -3.5205890700197152e+01 8.8723991989249278e+00
3         -2.3416924291604353e+00 3.4840476813562926e+00 0.0000000000000000e+00 2.0730651568968803e+01 -3.5551889890068047e+01 8.9954982105825163e+00
4         -2.3396534353182687e+00 3.4892436019463466e+00 0.0000000000000000e+00 2.0795163102463434e+01 -3.5659134881548560e+01 9.0350747418205106e+00
5         -2.3377483242991222e+00 3.4906264517509813e+00 0.0000000000000000e+00 2.0823946674500551e+01 -3.5704680152533705e+01 9.0523587019830511e+00
6         -2.3364937830746282e+00 3.4911856441836711e+00 0.0000000000000000e+00 2.0839662939678867e+01 -3.5728985795791885e+01 9.0616434288547190e+00
7         -2.3357388233374277e+00 3.4915287562767654e+00 0.0000000000000000e+00 2.0849139806528910e+01 -3.5743590814805074e+01 9.0671834286619717e+00
8         -2.3352978339283830e+00 3.4917766067247960e+00 0.0000000000000000e+00 2.0855080639686410e+01 -3.5752788829591289e+01 9.0706337492516997e+00
9         -2.3350423092540460e+00 3.4919576303852220e+00 0.0000000000000000e+00 2.0858848266750918e+01 -3.5758661093252734e+01 9.0728128868625468e+00
10        -2.3348940706614485e+00 3.4920861716759295e+00 0.0000000000000000e+00 2.0861239838309697e+01 -3.5762412436799387e+01 9.0741923561523130e+00
11        -2.3348076132335684e+00 3.4921747000164483e+00 0.0000000000000000e+00 2.0862753728392637e+01 -3.5764799969790708e+01 9.0750639281480545e+00
12        -2.3347568351747530e+00 3.4922341553933864e+00 0.0000000000000000e+00 2.0863708513283100e+01 -3.5766312378082731e+01 9.0756128742314903e+00
13        -2.3347267918786319e+00 3.4922733180770051e+00 0.0000000000000000e+00 2.0864308538924668e+01 -3.5767266163704491e+01 9.0759575148241858e+00
14        -2.3347088905078710e+00 3.4922987373880465e+00 0.0000000000000000e+00 2.0864684450105802e+01 -3.5767865349280967e+01 9.0761732712792469e+00
15        -2.3346981552694999e+00 3.4923150534496501e+00 0.0000000000000000e+00 2.0864919346717713e+01 -3.5768240572692953e+01 9.0763080172560908e+00
16        -2.3346916811705789e+00 3.4923254379770206e+00 0.0000000000000000e+00 2.0865065818044641e+01 -3.5768474941014617e+01 9.0763920038223755e+00
17        -2.3346877580444456e+00 3.4923320046452235e+00 0.0000000000000000e+00 2.0865156996305092e+01 -3.5768621027661688e+01 9.0764442686669256e+00
18        -2.3346853711622426e+00 3.4923361364723711e+00 0.0000000000000000e+00 2.0865213677664627e+01 -3.5768711936672162e+01 9.0764767513729208e+00
19        -2.3346839141318760e+00 3.4923387263020933e+00 0.0000000000000000e+00 2.0865248875744847e+01 -3.5768768434916765e+01 9.0764969187379485e+00
20        -2.3346830223110899e+00 3.4923403447847474e+00 0.0000000000000000e+00 2.0865270714269197e+01 -3.5768803511061094e+01 9.0765094296960598e+00
21        -2.3346824752560806e+00 3.4923413538996919e+00 0.0000000000000000e+00 2.0865284254610557e+01 -3.5768825269652915e+01 9.0765171858865852e+00
22        -2.3346821391014618e+00 3.4923419819446386e+00 0.0000000000000000e+00 2.0865292645319784e+01 -3.5768838758213391e+01 9.0765219918475069e+00
23        -2.3346819322558865e+00 3.4923423722726117e+00 0.0000000000000000e+00 2.0865297842628859e+01 -3.5768847115679904e+01 9.0765249685225466e+00
24        -2.3346818048391853e+00 3.4923426145933569e+00 0.0000000000000000e+00 2.0865301060787473e+01 -3.5768852291797451e+01 9.0765268115774358e+00
25        -2.3346817262830921e+00 3.4923427648994410e+00 0.0000000000000000e+00 2.0865303052907567e+01 -3.5768855496519798e+01 9.0765279524296982e+00
26        -2.3346816778188870e+00 3.4923428580677722e+00 0.0000000000000000e+00 2.0865304285804267e+01 -3.5768857480157941e+01 9.0765286584670140e+00
27        -2.3346816479037056e+00 3.4923429157880004e+00 0.0000000000000000e+00 2.0865305048690420e+01 -3.5768858707717740e+01 9.0765290953356139e+00
28        -2.3346816294305430e+00 3.4923429515321027e+00 0.0000000000000000e+00 2.0865305520676969e+01 -3.5768859467254750e+01 9.0765293656151353e+00
29        -2.3346816180196530e+00 3.4923429736597349e+00 0.0000000000000000e+00 2.0865305812653528e+01 -3.5768859937144107e+01 9.0765295328111915e+00
30        -2.3346816109692679e+00 3.4923429873542724e+00 0.0000000000000000e+00 2.0865305993255600e+01 -3.5768860227808482e+01 9.0765296362293419e+00
31        -2.3346816066123175e+00 3.4923429958277716e+00 0.0000000000000000e+00 2.0865306104957654e+01 -3.5768860407590587e+01 9.0765297001928449e+00
32        -2.3346816039193303e+00 3.4923430010697349e+00 0.0000000000000000e+00 2.0865306174039958e+01 -3.5768860518780045e+01 9.0765297397510221e+00
33        -2.3346816022545678e+00 3.4923430043119801e+00 0.0000000000000000e+00 2.0865306216760914e+01 -3.5768860587541475e+01 9.0765297642140137e+00
34        -2.3346816012253839e+00 3.4923430063170078e+00 0.0000000000000000e+00 2.0865306243178036e+01 -3.5768860630061553e+01 9.0765297793411257e+00
35        -2.3346816005888424e+00 3.4923430075567010e+00 0.0000000000000000e+00 2.0865306259511957e+01 -3.5768860656351869e+01 9.0765297886943674e+00
36        -2.3346816001952497e+00 3.4923430083229694e+00 0.0000000000000000e+00 2.0865306269610191e+01 -3.5768860672605342e+01 9.0765297944769330e+00
37        -2.3346815999518693e+00 3.4923430087963814e+00 0.0000000000000000e+00 2.0865306275852042e+01 -3.5768860682651614e+01 9.0765297980513200e+00
38        -2.3346815998011525e+00 3.4923430090887035e+00 0.0000000000000000e+00 2.0865306279709287e+01 -3.5768860688859377e+01 9.0765298002602339e+00
---------------------------------------------------------------------------------

Total time on GPU: 37.456520 seconds
---------------------------------------------------------------------------------

