
**********************************************
Contact: Natoms = 1.00000000000e+04, as = 1.000000e+02 * a0, G = 1.085900e+03, G * par = 2.171801e+03
Regular DDI: add = 6.700000e+01 * a0, GD = 1.736905e+02, GD * par = 3.473811e+02, edd = 6.700000e-01
     Dipolar cutoff Scut = 8.000000e+00,

QF = 0

Trap parameters:
GAMMA = 1.000000e+00, NU = 1.000000e+00, LAMBDA = 4.361370e-02
Space discretization: NX = 128, NY = 128, NZ = 128
                      DX = 1.2500000000000000e-01, DY = 1.2500000000000000e-01, DZ = 2.1875000000000000e+00, mx = 1.00e+01, my = 1.00e+01, mz = 1.00e+01
      Unit of length: aho = 6.123800e-07 m

Time discretization: NITER = 100 (NSNAP = 100)
                     DT = 3.125000e-03, mt = 5.00e+00

file ./imag3d-finalpsi.bin
MUREL = 1.000000e-10, MUEND=1.000000e+01

-------------------------------------------------------------------
Snap      <r>            <x>            <y>            <z>
-------------------------------------------------------------------
0         1.4833241829e+01    8.4275533943253256e-01 8.4275533943253278e-01 1.4785282886015393e+01
1         1.4833240850e+01    8.4274684980156356e-01 8.4274684980156389e-01 1.4785282872351470e+01
2         1.4833239842e+01    8.4273820305144564e-01 8.4273820305144542e-01 1.4785282846866496e+01
3         1.4833238805e+01    8.4272940052079470e-01 8.4272940052079526e-01 1.4785282809570340e+01
4         1.4833237738e+01    8.4272044357240439e-01 8.4272044357240461e-01 1.4785282760473068e+01
5         1.4833236642e+01    8.4271133359300932e-01 8.4271133359300943e-01 1.4785282699584647e+01
6         1.4833235518e+01    8.4270207199308744e-01 8.4270207199308733e-01 1.4785282626915031e+01
7         1.4833234364e+01    8.4269266020664302e-01 8.4269266020664324e-01 1.4785282542474048e+01
8         1.4833233182e+01    8.4268309969099442e-01 8.4268309969099453e-01 1.4785282446271694e+01
9         1.4833231971e+01    8.4267339192654511e-01 8.4267339192654500e-01 1.4785282338317904e+01
10        1.4833230732e+01    8.4266353841656094e-01 8.4266353841656116e-01 1.4785282218622545e+01
11        1.4833229466e+01    8.4265354068695153e-01 8.4265354068695142e-01 1.4785282087195609e+01
12        1.4833228171e+01    8.4264340028602547e-01 8.4264340028602569e-01 1.4785281944046986e+01
13        1.4833226848e+01    8.4263311878426550e-01 8.4263311878426550e-01 1.4785281789186708e+01
14        1.4833225498e+01    8.4262269777407772e-01 8.4262269777407794e-01 1.4785281622624691e+01
15        1.4833224121e+01    8.4261213886956943e-01 8.4261213886956954e-01 1.4785281444370952e+01
16        1.4833222717e+01    8.4260144370629009e-01 8.4260144370628998e-01 1.4785281254435532e+01
17        1.4833221285e+01    8.4259061394098456e-01 8.4259061394098433e-01 1.4785281052828553e+01
18        1.4833219827e+01    8.4257965125134882e-01 8.4257965125134882e-01 1.4785280839560125e+01
19        1.4833218343e+01    8.4256855733576785e-01 8.4256855733576785e-01 1.4785280614640428e+01
20        1.4833216832e+01    8.4255733391305954e-01 8.4255733391305954e-01 1.4785280378079628e+01
21        1.4833215295e+01    8.4254598272222181e-01 8.4254598272222170e-01 1.4785280129888138e+01
22        1.4833213732e+01    8.4253450552215381e-01 8.4253450552215348e-01 1.4785279870076266e+01
23        1.4833212144e+01    8.4252290409140085e-01 8.4252290409140118e-01 1.4785279598654455e+01
24        1.4833210530e+01    8.4251118022788229e-01 8.4251118022788229e-01 1.4785279315633252e+01
25        1.4833208891e+01    8.4249933574860847e-01 8.4249933574860847e-01 1.4785279021023271e+01
26        1.4833207226e+01    8.4248737248942218e-01 8.4248737248942152e-01 1.4785278714835243e+01
27        1.4833205537e+01    8.4247529230469365e-01 8.4247529230469365e-01 1.4785278397079948e+01
28        1.4833203824e+01    8.4246309706706901e-01 8.4246309706706857e-01 1.4785278067768390e+01
29        1.4833202086e+01    8.4245078866715539e-01 8.4245078866715561e-01 1.4785277726911602e+01
30        1.4833200324e+01    8.4243836901325631e-01 8.4243836901325608e-01 1.4785277374520776e+01
31        1.4833198538e+01    8.4242584003105603e-01 8.4242584003105581e-01 1.4785277010607180e+01
32        1.4833196729e+01    8.4241320366335359e-01 8.4241320366335337e-01 1.4785276635182298e+01
33        1.4833194896e+01    8.4240046186974105e-01 8.4240046186974094e-01 1.4785276248257782e+01
34        1.4833193040e+01    8.4238761662631734e-01 8.4238761662631734e-01 1.4785275849845355e+01
35        1.4833191161e+01    8.4237466992537524e-01 8.4237466992537524e-01 1.4785275439956873e+01
36        1.4833189259e+01    8.4236162377511636e-01 8.4236162377511647e-01 1.4785275018604542e+01
37        1.4833187335e+01    8.4234848019931940e-01 8.4234848019931929e-01 1.4785274585800565e+01
38        1.4833185388e+01    8.4233524123704273e-01 8.4233524123704284e-01 1.4785274141557460e+01
39        1.4833183420e+01    8.4232190894230552e-01 8.4232190894230485e-01 1.4785273685887832e+01
40        1.4833181430e+01    8.4230848538377656e-01 8.4230848538377656e-01 1.4785273218804569e+01
41        1.4833179418e+01    8.4229497264445363e-01 8.4229497264445341e-01 1.4785272740320707e+01
42        1.4833177385e+01    8.4228137282134041e-01 8.4228137282134041e-01 1.4785272250449486e+01
43        1.4833175331e+01    8.4226768802513119e-01 8.4226768802513130e-01 1.4785271749204449e+01
44        1.4833173257e+01    8.4225392037987645e-01 8.4225392037987623e-01 1.4785271236599332e+01
45        1.4833171162e+01    8.4224007202265527e-01 8.4224007202265527e-01 1.4785270712648048e+01
46        1.4833169047e+01    8.4222614510325744e-01 8.4222614510325722e-01 1.4785270177364845e+01
47        1.4833166912e+01    8.4221214178382775e-01 8.4221214178382764e-01 1.4785269630764114e+01
48        1.4833164757e+01    8.4219806423856669e-01 8.4219806423856625e-01 1.4785269072860654e+01
49        1.4833162583e+01    8.4218391465335030e-01 8.4218391465335019e-01 1.4785268503669350e+01
50        1.4833160390e+01    8.4216969522542784e-01 8.4216969522542762e-01 1.4785267923205510e+01
51        1.4833158178e+01    8.4215540816306178e-01 8.4215540816306134e-01 1.4785267331484523e+01
52        1.4833155947e+01    8.4214105568519382e-01 8.4214105568519348e-01 1.4785266728522348e+01
53        1.4833153698e+01    8.4212664002109472e-01 8.4212664002109394e-01 1.4785266114335050e+01
54        1.4833151431e+01    8.4211216341001793e-01 8.4211216341001749e-01 1.4785265488938940e+01
55        1.4833149146e+01    8.4209762810085464e-01 8.4209762810085409e-01 1.4785264852350720e+01
56        1.4833146843e+01    8.4208303635178550e-01 8.4208303635178505e-01 1.4785264204587371e+01
57        1.4833144524e+01    8.4206839042991777e-01 8.4206839042991732e-01 1.4785263545666211e+01
58        1.4833142187e+01    8.4205369261094731e-01 8.4205369261094731e-01 1.4785262875604888e+01
59        1.4833139834e+01    8.4203894517879463e-01 8.4203894517879407e-01 1.4785262194421312e+01
60        1.4833137464e+01    8.4202415042524337e-01 8.4202415042524337e-01 1.4785261502133713e+01
61        1.4833135078e+01    8.4200931064959583e-01 8.4200931064959605e-01 1.4785260798760740e+01
62        1.4833132676e+01    8.4199442815831027e-01 8.4199442815830994e-01 1.4785260084321340e+01
63        1.4833130259e+01    8.4197950526462018e-01 8.4197950526461940e-01 1.4785259358834745e+01
64        1.4833127826e+01    8.4196454428820555e-01 8.4196454428820577e-01 1.4785258622320661e+01
65        1.4833125379e+01    8.4194954755479900e-01 8.4194954755479912e-01 1.4785257874798923e+01
66        1.4833122917e+01    8.4193451739584824e-01 8.4193451739584735e-01 1.4785257116290037e+01
67        1.4833120440e+01    8.4191945614812969e-01 8.4191945614812946e-01 1.4785256346814572e+01
68        1.4833117949e+01    8.4190436615338504e-01 8.4190436615338526e-01 1.4785255566393625e+01
69        1.4833115444e+01    8.4188924975797241e-01 8.4188924975797230e-01 1.4785254775048633e+01
70        1.4833112926e+01    8.4187410931246764e-01 8.4187410931246764e-01 1.4785253972801359e+01
71        1.4833110394e+01    8.4185894717132403e-01 8.4185894717132337e-01 1.4785253159674012e+01
72        1.4833107850e+01    8.4184376569247943e-01 8.4184376569247954e-01 1.4785252335689020e+01
73        1.4833105292e+01    8.4182856723700117e-01 8.4182856723700095e-01 1.4785251500869448e+01
74        1.4833102723e+01    8.4181335416870606e-01 8.4181335416870617e-01 1.4785250655238482e+01
75        1.4833100141e+01    8.4179812885379290e-01 8.4179812885379279e-01 1.4785249798819894e+01
76        1.4833097547e+01    8.4178289366046677e-01 8.4178289366046710e-01 1.4785248931637659e+01
77        1.4833094942e+01    8.4176765095856232e-01 8.4176765095856232e-01 1.4785248053716245e+01
78        1.4833092326e+01    8.4175240311917920e-01 8.4175240311917954e-01 1.4785247165080586e+01
79        1.4833089699e+01    8.4173715251430181e-01 8.4173715251430181e-01 1.4785246265755816e+01
80        1.4833087061e+01    8.4172190151642634e-01 8.4172190151642656e-01 1.4785245355767620e+01
81        1.4833084412e+01    8.4170665249818266e-01 8.4170665249818266e-01 1.4785244435141966e+01
82        1.4833081754e+01    8.4169140783196461e-01 8.4169140783196472e-01 1.4785243503905271e+01
83        1.4833079086e+01    8.4167616988955696e-01 8.4167616988955662e-01 1.4785242562084392e+01
84        1.4833076408e+01    8.4166094104175215e-01 8.4166094104175160e-01 1.4785241609706492e+01
85        1.4833073722e+01    8.4164572365797574e-01 8.4164572365797563e-01 1.4785240646799148e+01
86        1.4833071026e+01    8.4163052010592254e-01 8.4163052010592176e-01 1.4785239673390329e+01
87        1.4833068322e+01    8.4161533275116884e-01 8.4161533275116862e-01 1.4785238689508491e+01
88        1.4833065609e+01    8.4160016395680792e-01 8.4160016395680803e-01 1.4785237695182392e+01
89        1.4833062889e+01    8.4158501608306269e-01 8.4158501608306258e-01 1.4785236690441097e+01
90        1.4833060161e+01    8.4156989148692396e-01 8.4156989148692396e-01 1.4785235675314258e+01
91        1.4833057426e+01    8.4155479252177023e-01 8.4155479252177057e-01 1.4785234649831796e+01
92        1.4833054683e+01    8.4153972153700041e-01 8.4153972153699996e-01 1.4785233614024088e+01
93        1.4833051934e+01    8.4152468087764221e-01 8.4152468087764210e-01 1.4785232567921739e+01
94        1.4833049178e+01    8.4150967288400735e-01 8.4150967288400735e-01 1.4785231511555939e+01
95        1.4833046416e+01    8.4149469989129944e-01 8.4149469989129977e-01 1.4785230444958161e+01
96        1.4833043648e+01    8.4147976422924620e-01 8.4147976422924609e-01 1.4785229368160252e+01
97        1.4833040874e+01    8.4146486822173594e-01 8.4146486822173594e-01 1.4785228281194511e+01
98        1.4833038095e+01    8.4145001418643628e-01 8.4145001418643639e-01 1.4785227184093483e+01
99        1.4833035311e+01    8.4143520443443809e-01 8.4143520443443787e-01 1.4785226076890195e+01
100       1.4833032523e+01    8.4142044126987858e-01 8.4142044126987825e-01 1.4785224959617951e+01
-------------------------------------------------------------------

