
**********************************************
Contact: Natoms = 1.00000000000e+04, as = 1.000000e+02 * a0, G = 1.085900e+03, G * par = 2.171801e+03
Regular DDI: add = 6.700000e+01 * a0, GD = 1.736905e+02, GD * par = 3.473811e+02, edd = 6.700000e-01
     Dipolar cutoff Scut = 8.000000e+00,

QF = 0

Trap parameters:
GAMMA = 1.000000e+00, NU = 1.000000e+00, LAMBDA = 4.361370e-02
Space discretization: NX = 128, NY = 128, NZ = 128
                      DX = 1.2500000000000000e-01, DY = 1.2500000000000000e-01, DZ = 2.1875000000000000e+00, mx = 1.00e+01, my = 1.00e+01, mz = 1.00e+01
      Unit of length: aho = 6.123800e-07 m

Time discretization: NITER = 100 (NSNAP = 100)
                     DT = 3.125000e-03, mt = 5.00e+00

file ./imag3d-finalpsi.bin
MUREL = 1.000000e-10, MUEND=1.000000e+01

-----------------------------------------------------------------------------------------------
Snap      mu           Kin             Pot            Contact            DDI            QF
-----------------------------------------------------------------------------------------------
0         2.0748521948683289e+00 3.6216558335615129e-01 9.1814645027243669e-01 2.0745680611600936e+00 -1.2800278999203529e+00 0.0000000000000000e+00
1         2.0748558017642722e+00 3.6217605244745693e-01 9.1813214059657089e-01 2.0745902615474283e+00 -1.2800426528271838e+00 0.0000000000000000e+00
2         2.0748593787465981e+00 3.6218682217617115e-01 9.1811756591175397e-01 2.0746122622781944e+00 -1.2800572716195215e+00 0.0000000000000000e+00
3         2.0748629269921430e+00 3.6219788920943308e-01 9.1810272848260022e-01 2.0746340701728667e+00 -1.2800717608727572e+00 0.0000000000000000e+00
4         2.0748664477770857e+00 3.6220925006969784e-01 9.1808763061452459e-01 2.0746556926657180e+00 -1.2800861255728544e+00 0.0000000000000000e+00
5         2.0748699424747254e+00 3.6222090113714717e-01 9.1807227465334307e-01 2.0746771377919653e+00 -1.2801003711077303e+00 0.0000000000000000e+00
6         2.0748734125531474e+00 3.6223283865225547e-01 9.1805666298492095e-01 2.0746984141741209e+00 -1.2801145032581498e+00 0.0000000000000000e+00
7         2.0748768595728651e+00 3.6224505871853518e-01 9.1804079803481942e-01 2.0747195310075162e+00 -1.2801285281880057e+00 0.0000000000000000e+00
8         2.0748802851842063e+00 3.6225755730540049e-01 9.1802468226790956e-01 2.0747404980449824e+00 -1.2801424524340863e+00 0.0000000000000000e+00
9         2.0748836911245809e+00 3.6227033025119343e-01 9.1800831818798911e-01 2.0747613255806563e+00 -1.2801562828952580e+00 0.0000000000000000e+00
10        2.0748870792157472e+00 3.6228337326632593e-01 9.1799170833742227e-01 2.0747820244332482e+00 -1.2801700268212490e+00 0.0000000000000000e+00
11        2.0748904513608637e+00 3.6229668193655490e-01 9.1797485529672607e-01 2.0748026059284985e+00 -1.2801836918009157e+00 0.0000000000000000e+00
12        2.0748938095414258e+00 3.6231025172637082e-01 9.1795776168416676e-01 2.0748230818809899e+00 -1.2801972857501018e+00 0.0000000000000000e+00
13        2.0748971558142615e+00 3.6232407798249006e-01 9.1794043015539584e-01 2.0748434645755189e+00 -1.2802108168991435e+00 0.0000000000000000e+00
14        2.0749004923082435e+00 3.6233815593745028e-01 9.1792286340299067e-01 2.0748637667477516e+00 -1.2802242937799493e+00 0.0000000000000000e+00
15        2.0749038212211008e+00 3.6235248071328996e-01 9.1790506415608775e-01 2.0748840015645991e+00 -1.2802377252128758e+00 0.0000000000000000e+00
16        2.0749071448160934e+00 3.6236704732532565e-01 9.1788703517993486e-01 2.0749041826040298e+00 -1.2802511202931970e+00 0.0000000000000000e+00
17        2.0749104654185855e+00 3.6238185068597106e-01 9.1786877927548338e-01 2.0749243238345536e+00 -1.2802644883774226e+00 0.0000000000000000e+00
18        2.0749137854126243e+00 3.6239688560864430e-01 9.1785029927894324e-01 2.0749444395943493e+00 -1.2802778390693124e+00 0.0000000000000000e+00
19        2.0749171072375159e+00 3.6241214681173506e-01 9.1783159806135484e-01 2.0749645445702023e+00 -1.2802911822057761e+00 0.0000000000000000e+00
20        2.0749204333842717e+00 3.6242762892259556e-01 9.1781267852815640e-01 2.0749846537761125e+00 -1.2803045278425926e+00 0.0000000000000000e+00
21        2.0749237663920854e+00 3.6244332648159200e-01 9.1779354361871401e-01 2.0750047825317681e+00 -1.2803178862399887e+00 0.0000000000000000e+00
22        2.0749271088447765e+00 3.6245923394617457e-01 9.1777419630589985e-01 2.0750249464408426e+00 -1.2803312678481402e+00 0.0000000000000000e+00
23        2.0749304633672261e+00 3.6247534569498868e-01 9.1775463959560788e-01 2.0750451613692582e+00 -1.2803446832926286e+00 0.0000000000000000e+00
24        2.0749338326218290e+00 3.6249165603198097e-01 9.1773487652632235e-01 2.0750654434233393e+00 -1.2803581433598139e+00 0.0000000000000000e+00
25        2.0749372193048741e+00 3.6250815919054552e-01 9.1771491016861328e-01 2.0750858089279536e+00 -1.2803716589822387e+00 0.0000000000000000e+00
26        2.0749406261430239e+00 3.6252484933764823e-01 9.1769474362469572e-01 2.0751062744046798e+00 -1.2803852412239995e+00 0.0000000000000000e+00
27        2.0749440558896923e+00 3.6254172057794870e-01 9.1767438002793389e-01 2.0751268565500030e+00 -1.2803989012661932e+00 0.0000000000000000e+00
28        2.0749475113215876e+00 3.6255876695795536e-01 9.1765382254237038e-01 2.0751475722136927e+00 -1.2804126503924309e+00 0.0000000000000000e+00
29        2.0749509952351048e+00 3.6257598247011141e-01 9.1763307436222674e-01 2.0751684383771258e+00 -1.2804264999743591e+00 0.0000000000000000e+00
30        2.0749545104429168e+00 3.6259336105690587e-01 9.1761213871142655e-01 2.0751894721319362e+00 -1.2804404614573517e+00 0.0000000000000000e+00
31        2.0749580597704091e+00 3.6261089661493556e-01 9.1759101884308147e-01 2.0752106906586740e+00 -1.2804545463462820e+00 0.0000000000000000e+00
32        2.0749616460523277e+00 3.6262858299895939e-01 9.1756971803899623e-01 2.0752321112058079e+00 -1.2804687661914358e+00 0.0000000000000000e+00
33        2.0749652721293681e+00 3.6264641402591569e-01 9.1754823960917309e-01 2.0752537510688507e+00 -1.2804831325745714e+00 0.0000000000000000e+00
34        2.0749689408447818e+00 3.6266438347888735e-01 9.1752658689128330e-01 2.0752756275697584e+00 -1.2804976570951470e+00 0.0000000000000000e+00
35        2.0749726550410741e+00 3.6268248511105827e-01 9.1750476325014607e-01 2.0752977580365477e+00 -1.2805123513566781e+00 0.0000000000000000e+00
36        2.0749764175568157e+00 3.6270071264961457e-01 9.1748277207724727e-01 2.0753201597833542e+00 -1.2805272269534003e+00 0.0000000000000000e+00
37        2.0749802312233134e+00 3.6271905979958324e-01 9.1746061679017288e-01 2.0753428500905389e+00 -1.2805422954569816e+00 0.0000000000000000e+00
38        2.0749840988615320e+00 3.6273752024765521e-01 9.1743830083209577e-01 2.0753658461853401e+00 -1.2805575684035593e+00 0.0000000000000000e+00
39        2.0749880232789266e+00 3.6275608766592882e-01 9.1741582767124108e-01 2.0753891652226977e+00 -1.2805730572809411e+00 0.0000000000000000e+00
40        2.0749920072664532e+00 3.6277475571561968e-01 9.1739320080035169e-01 2.0754128242665679e+00 -1.2805887735160861e+00 0.0000000000000000e+00
41        2.0749960535955219e+00 3.6279351805070492e-01 9.1737042373613820e-01 2.0754368402714536e+00 -1.2806047284627748e+00 0.0000000000000000e+00
42        2.0750001650151093e+00 3.6281236832150415e-01 9.1734750001873777e-01 2.0754612300644566e+00 -1.2806209333895893e+00 0.0000000000000000e+00
43        2.0750043442489048e+00 3.6283130017821330e-01 9.1732443321118828e-01 2.0754860103276238e+00 -1.2806373994681206e+00 0.0000000000000000e+00
44        2.0750085939924618e+00 3.6285030727435730e-01 9.1730122689881100e-01 2.0755111975807470e+00 -1.2806541377614533e+00 0.0000000000000000e+00
45        2.0750129169105156e+00 3.6286938327018753e-01 9.1727788468872762e-01 2.0755368081645464e+00 -1.2806711592129461e+00 0.0000000000000000e+00
46        2.0750173156343510e+00 3.6288852183601616e-01 9.1725441020925458e-01 2.0755628582243650e+00 -1.2806884746352851e+00 0.0000000000000000e+00
47        2.0750217927591335e+00 3.6290771665545651e-01 9.1723080710934046e-01 2.0755893636941760e+00 -1.2807060946998394e+00 0.0000000000000000e+00
48        2.0750263508415188e+00 3.6292696142862829e-01 9.1720707905801913e-01 2.0756163402812100e+00 -1.2807240299263385e+00 0.0000000000000000e+00
49        2.0750309923970907e+00 3.6294624987524426e-01 9.1718322974380873e-01 2.0756438034508449e+00 -1.2807422906728068e+00 0.0000000000000000e+00
50        2.0750357198981337e+00 3.6296557573767002e-01 9.1715926287416871e-01 2.0756717684121702e+00 -1.2807608871258751e+00 0.0000000000000000e+00
51        2.0750405357712576e+00 3.6298493278386668e-01 9.1713518217488921e-01 2.0757002501038571e+00 -1.2807798292913555e+00 0.0000000000000000e+00
52        2.0750454423952451e+00 3.6300431481028139e-01 9.1711099138953800e-01 2.0757292631805915e+00 -1.2807991269851657e+00 0.0000000000000000e+00
53        2.0750504420989326e+00 3.6302371564466174e-01 9.1708669427886502e-01 2.0757588219999681e+00 -1.2808187898245622e+00 0.0000000000000000e+00
54        2.0750555371590886e+00 3.6304312914876463e-01 9.1706229462018829e-01 2.0757889406097783e+00 -1.2808388272196427e+00 0.0000000000000000e+00
55        2.0750607297985511e+00 3.6306254922103826e-01 9.1703779620685655e-01 2.0758196327359202e+00 -1.2808592483652641e+00 0.0000000000000000e+00
56        2.0750660221842332e+00 3.6308196979917645e-01 9.1701320284760457e-01 2.0758509117706154e+00 -1.2808800622331629e+00 0.0000000000000000e+00
57        2.0750714164253559e+00 3.6310138486263954e-01 9.1698851836598794e-01 2.0758827907611672e+00 -1.2809012775644388e+00 0.0000000000000000e+00
58        2.0750769145716630e+00 3.6312078843508122e-01 9.1696374659977609e-01 2.0759152823991291e+00 -1.2809229028623237e+00 0.0000000000000000e+00
59        2.0750825186117909e+00 3.6314017458671310e-01 9.1693889140034923e-01 2.0759483990099454e+00 -1.2809449463852169e+00 0.0000000000000000e+00
60        2.0750882304715339e+00 3.6315953743658586e-01 9.1691395663208797e-01 2.0759821525428768e+00 -1.2809674161400164e+00 0.0000000000000000e+00
61        2.0750940520124335e+00 3.6317887115483244e-01 9.1688894617178485e-01 2.0760165545615403e+00 -1.2809903198757244e+00 0.0000000000000000e+00
62        2.0750999850301897e+00 3.6319816996482679e-01 9.1686386390802610e-01 2.0760516162346332e+00 -1.2810136650772965e+00 0.0000000000000000e+00
63        2.0751060312532115e+00 3.6321742814526881e-01 9.1683871374056403e-01 2.0760873483270892e+00 -1.2810374589597104e+00 0.0000000000000000e+00
64        2.0751121923413547e+00 3.6323664003226636e-01 9.1681349957974023e-01 2.0761237611916963e+00 -1.2810617084623479e+00 0.0000000000000000e+00
65        2.0751184698844378e+00 3.6325580002128594e-01 9.1678822534583715e-01 2.0761608647608032e+00 -1.2810864202434884e+00 0.0000000000000000e+00
66        2.0751248654011265e+00 3.6327490256911155e-01 9.1676289496849506e-01 2.0761986685386393e+00 -1.2811116006751195e+00 0.0000000000000000e+00
67        2.0751313803375853e+00 3.6329394219573247e-01 9.1673751238607015e-01 2.0762371815936507e+00 -1.2811372558378684e+00 0.0000000000000000e+00
68        2.0751380160662896e+00 3.6331291348617833e-01 9.1671208154499950e-01 2.0762764125512381e+00 -1.2811633915161265e+00 0.0000000000000000e+00
69        2.0751447738850421e+00 3.6333181109232587e-01 9.1668660639924837e-01 2.0763163695868845e+00 -1.2811900131934166e+00 0.0000000000000000e+00
70        2.0751516550156293e+00 3.6335062973464932e-01 9.1666109090959103e-01 2.0763570604192179e+00 -1.2812171260478289e+00 0.0000000000000000e+00
71        2.0751586606029639e+00 3.6336936420394655e-01 9.1663553904307016e-01 2.0763984923036256e+00 -1.2812447349476781e+00 0.0000000000000000e+00
72        2.0751657917139106e+00 3.6338800936301430e-01 9.1660995477233620e-01 2.0764406720258370e+00 -1.2812728444472767e+00 0.0000000000000000e+00
73        2.0751730493363971e+00 3.6340656014831219e-01 9.1658434207501283e-01 2.0764836058959468e+00 -1.2813014587828746e+00 0.0000000000000000e+00
74        2.0751804343783595e+00 3.6342501157156554e-01 9.1655870493309177e-01 2.0765272997423856e+00 -1.2813305818686831e+00 0.0000000000000000e+00
75        2.0751879476668678e+00 3.6344335872135292e-01 9.1653304733229679e-01 2.0765717589062911e+00 -1.2813602172930727e+00 0.0000000000000000e+00
76        2.0751955899471910e+00 3.6346159676467066e-01 9.1650737326144782e-01 2.0766169882359367e+00 -1.2813903683148640e+00 0.0000000000000000e+00
77        2.0752033618819379e+00 3.6347972094845243e-01 9.1648168671184349e-01 2.0766629920813839e+00 -1.2814210378597419e+00 0.0000000000000000e+00
78        2.0752112640501839e+00 3.6349772660107554e-01 9.1645599167662417e-01 2.0767097742892906e+00 -1.2814522285168068e+00 0.0000000000000000e+00
79        2.0752192969466594e+00 3.6351560913381475e-01 9.1643029215013405e-01 2.0767573381978832e+00 -1.2814839425351725e+00 0.0000000000000000e+00
80        2.0752274609810222e+00 3.6353336404231440e-01 9.1640459212732861e-01 2.0768056866321776e+00 -1.2815161818207985e+00 0.0000000000000000e+00
81        2.0752357564769790e+00 3.6355098690797433e-01 9.1637889560308150e-01 2.0768548218992047e+00 -1.2815489479332813e+00 0.0000000000000000e+00
82        2.0752441836716593e+00 3.6356847339935705e-01 9.1635320657160946e-01 2.0769047457836263e+00 -1.2815822420829337e+00 0.0000000000000000e+00
83        2.0752527427148588e+00 3.6358581927353723e-01 9.1632752902580505e-01 2.0769554595433428e+00 -1.2816160651278263e+00 0.0000000000000000e+00
84        2.0752614336683939e+00 3.6360302037742426e-01 9.1630186695663252e-01 2.0770069639054176e+00 -1.2816504175710806e+00 0.0000000000000000e+00
85        2.0752702565054428e+00 3.6362007264906449e-01 9.1627622435246969e-01 2.0770592590621053e+00 -1.2816852995581967e+00 0.0000000000000000e+00
86        2.0752792111099878e+00 3.6363697211890222e-01 9.1625060519850565e-01 2.0771123446671735e+00 -1.2817207108745938e+00 0.0000000000000000e+00
87        2.0752882972762099e+00 3.6365371491100212e-01 9.1622501347609320e-01 2.0771662198323781e+00 -1.2817566509432634e+00 0.0000000000000000e+00
88        2.0752975147079957e+00 3.6367029724424155e-01 9.1619945316211826e-01 2.0772208831241623e+00 -1.2817931188225264e+00 0.0000000000000000e+00
89        2.0753068630184068e+00 3.6368671543346232e-01 9.1617392822836685e-01 2.0772763325606114e+00 -1.2818301132040337e+00 0.0000000000000000e+00
90        2.0753163417292919e+00 3.6370296589057921e-01 9.1614844264091799e-01 2.0773325656086841e+00 -1.2818676324108891e+00 0.0000000000000000e+00
91        2.0753259502708707e+00 3.6371904512564762e-01 9.1612300035949801e-01 2.0773895791816788e+00 -1.2819056743959538e+00 0.0000000000000000e+00
92        2.0753356879813825e+00 3.6373494974788506e-01 9.1609760533685558e-01 2.0774473696369733e+00 -1.2819442367403315e+00 0.0000000000000000e+00
93        2.0753455541067454e+00 3.6375067646663173e-01 9.1607226151812582e-01 2.0775059327740339e+00 -1.2819833166520458e+00 0.0000000000000000e+00
94        2.0753555478003971e+00 3.6376622209228976e-01 9.1604697284023373e-01 2.0775652638328386e+00 -1.2820229109649650e+00 0.0000000000000000e+00
95        2.0753656681230499e+00 3.6378158353717610e-01 9.1602174323125574e-01 2.0776253574925145e+00 -1.2820630161378967e+00 0.0000000000000000e+00
96        2.0753759140425103e+00 3.6379675781633830e-01 9.1599657660976774e-01 2.0776862078703084e+00 -1.2821036282539040e+00 0.0000000000000000e+00
97        2.0753862844337174e+00 3.6381174204830941e-01 9.1597147688428415e-01 2.0777478085210324e+00 -1.2821447430199089e+00 0.0000000000000000e+00
98        2.0753967780785825e+00 3.6382653345578847e-01 9.1594644795257185e-01 2.0778101524366908e+00 -1.2821863557664688e+00 0.0000000000000000e+00
99        2.0754073936661763e+00 3.6384112936628488e-01 9.1592149370108955e-01 2.0778732320466831e+00 -1.2822284614478807e+00 0.0000000000000000e+00
100       2.0754181297927325e+00 3.6385552721266384e-01 9.1589661800433431e-01 2.0779370392182321e+00 -1.2822710546424980e+00 0.0000000000000000e+00
---------------------------------------------------------------------------------

Total time on GPU: 3.055867 seconds
---------------------------------------------------------------------------------

