
**********************************************
Contact: Natoms = 1.50000000000e+03, as = 7.000000e+01 * a0, G = 1.257538e+02, G * par = 2.515076e+02
Regular DDI: add = 1.326070e+02 * a0, GD = 5.687232e+01, GD * par = 1.137446e+02, edd = 1.894386e+00
     Dipolar cutoff Scut = 3.000000e+00,

QF = 1: h2 = 2.175508e+02,        q5 = 6.810518e+00

Trap parameters:
GAMMA = 0.000000e+00, NU = 0.000000e+00, LAMBDA = 0.000000e+00
Space discretization: NX = 128, NY = 128, NZ = 128
                      DX = 4.6875000000000000e-02, DY = 4.6875000000000000e-02, DZ = 3.1250000000000000e-01, mx = 1.00e+01, my = 1.00e+01, mz = 1.00e+01
      Unit of length: aho = 5.552380e-07 m

Time discretization: NITER = 100 (NSNAP = 100)
                     DT = 4.394531e-04, mt = 5.00e+00

file ./imag3d-finalpsi.bin
MUREL = 1.000000e-10, MUEND=1.000000e+01

-------------------------------------------------------------------
Snap      <r>            <x>            <y>            <z>
-------------------------------------------------------------------
0         2.0555484780e+00    2.8914340345804146e-01 2.8914340345804140e-01 2.0144656188994388e+00
1         2.0555471114e+00    2.8913868733691533e-01 2.8913868733691550e-01 2.0144655783352778e+00
2         2.0555456201e+00    2.8913362129046055e-01 2.8913362129046055e-01 2.0144655108887366e+00
3         2.0555440042e+00    2.8912820580424980e-01 2.8912820580424969e-01 2.0144654165665030e+00
4         2.0555422639e+00    2.8912244140928961e-01 2.8912244140928983e-01 2.0144652953757656e+00
5         2.0555403992e+00    2.8911632868225579e-01 2.8911632868225562e-01 2.0144651473243078e+00
6         2.0555384105e+00    2.8910986824577906e-01 2.8910986824577911e-01 2.0144649724207033e+00
7         2.0555362979e+00    2.8910306076875802e-01 2.8910306076875814e-01 2.0144647706744530e+00
8         2.0555340616e+00    2.8909590696669302e-01 2.8909590696669302e-01 2.0144645420962317e+00
9         2.0555317018e+00    2.8908840760200399e-01 2.8908840760200399e-01 2.0144642866978866e+00
10        2.0555292189e+00    2.8908056348434003e-01 2.8908056348434025e-01 2.0144640044924835e+00
11        2.0555266131e+00    2.8907237547088366e-01 2.8907237547088371e-01 2.0144636954943556e+00
12        2.0555238846e+00    2.8906384446663813e-01 2.8906384446663796e-01 2.0144633597190644e+00
13        2.0555210337e+00    2.8905497142472864e-01 2.8905497142472858e-01 2.0144629971835051e+00
14        2.0555180608e+00    2.8904575734669735e-01 2.8904575734669730e-01 2.0144626079061494e+00
15        2.0555149662e+00    2.8903620328279195e-01 2.8903620328279184e-01 2.0144621919071830e+00
16        2.0555117502e+00    2.8902631033221426e-01 2.8902631033221415e-01 2.0144617492088197e+00
17        2.0555084132e+00    2.8901607964332515e-01 2.8901607964332521e-01 2.0144612798354395e+00
18        2.0555049555e+00    2.8900551241377109e-01 2.8900551241377104e-01 2.0144607838137123e+00
19        2.0555013775e+00    2.8899460989053860e-01 2.8899460989053866e-01 2.0144602611725597e+00
20        2.0554976797e+00    2.8898337336993413e-01 2.8898337336993418e-01 2.0144597119431062e+00
21        2.0554938624e+00    2.8897180419753710e-01 2.8897180419753699e-01 2.0144591361586852e+00
22        2.0554899262e+00    2.8895990376808750e-01 2.8895990376808750e-01 2.0144585338548087e+00
23        2.0554858714e+00    2.8894767352537482e-01 2.8894767352537482e-01 2.0144579050694187e+00
24        2.0554816985e+00    2.8893511496205537e-01 2.8893511496205537e-01 2.0144572498429452e+00
25        2.0554774080e+00    2.8892222961944020e-01 2.8892222961944020e-01 2.0144565682185718e+00
26        2.0554730004e+00    2.8890901908717975e-01 2.8890901908717975e-01 2.0144558602422320e+00
27        2.0554684763e+00    2.8889548500286821e-01 2.8889548500286821e-01 2.0144551259626118e+00
28        2.0554638361e+00    2.8888162905156062e-01 2.8888162905156067e-01 2.0144543654309963e+00
29        2.0554590805e+00    2.8886745296520655e-01 2.8886745296520644e-01 2.0144535787010613e+00
30        2.0554542099e+00    2.8885295852204163e-01 2.8885295852204168e-01 2.0144527658287155e+00
31        2.0554492250e+00    2.8883814754593612e-01 2.8883814754593595e-01 2.0144519268719945e+00
32        2.0554441264e+00    2.8882302190573805e-01 2.8882302190573811e-01 2.0144510618911724e+00
33        2.0554389146e+00    2.8880758351455788e-01 2.8880758351455776e-01 2.0144501709487286e+00
34        2.0554335904e+00    2.8879183432904876e-01 2.8879183432904876e-01 2.0144492541094903e+00
35        2.0554281543e+00    2.8877577634859886e-01 2.8877577634859869e-01 2.0144483114405922e+00
36        2.0554226070e+00    2.8875941161448826e-01 2.8875941161448831e-01 2.0144473430113785e+00
37        2.0554169492e+00    2.8874274220898610e-01 2.8874274220898599e-01 2.0144463488931965e+00
38        2.0554111815e+00    2.8872577025440471e-01 2.8872577025440482e-01 2.0144453291591864e+00
39        2.0554053047e+00    2.8870849791213310e-01 2.8870849791213316e-01 2.0144442838840133e+00
40        2.0553993194e+00    2.8869092738168156e-01 2.8869092738168151e-01 2.0144432131438315e+00
41        2.0553932264e+00    2.8867306089971001e-01 2.8867306089971018e-01 2.0144421170161539e+00
42        2.0553870264e+00    2.8865490073905686e-01 2.8865490073905686e-01 2.0144409955798603e+00
43        2.0553807201e+00    2.8863644920775744e-01 2.8863644920775744e-01 2.0144398489151962e+00
44        2.0553743083e+00    2.8861770864804420e-01 2.8861770864804431e-01 2.0144386771036418e+00
45        2.0553677918e+00    2.8859868143533107e-01 2.8859868143533118e-01 2.0144374802277727e+00
46        2.0553611713e+00    2.8857936997718658e-01 2.8857936997718669e-01 2.0144362583711213e+00
47        2.0553544477e+00    2.8855977671230992e-01 2.8855977671231003e-01 2.0144350116178908e+00
48        2.0553476216e+00    2.8853990410953406e-01 2.8853990410953384e-01 2.0144337400529300e+00
49        2.0553406939e+00    2.8851975466683155e-01 2.8851975466683150e-01 2.0144324437615908e+00
50        2.0553336655e+00    2.8849933091035324e-01 2.8849933091035324e-01 2.0144311228296892e+00
51        2.0553265371e+00    2.8847863539346968e-01 2.8847863539346957e-01 2.0144297773435129e+00
52        2.0553193095e+00    2.8845767069581202e-01 2.8845767069581224e-01 2.0144284073897567e+00
53        2.0553119836e+00    2.8843643942232328e-01 2.8843643942232317e-01 2.0144270130554158e+00
54        2.0553045603e+00    2.8841494420230596e-01 2.8841494420230590e-01 2.0144255944276122e+00
55        2.0552970403e+00    2.8839318768849770e-01 2.8839318768849764e-01 2.0144241515935017e+00
56        2.0552894246e+00    2.8837117255616423e-01 2.8837117255616423e-01 2.0144226846401239e+00
57        2.0552817139e+00    2.8834890150222714e-01 2.8834890150222714e-01 2.0144211936543490e+00
58        2.0552739092e+00    2.8832637724442395e-01 2.8832637724442395e-01 2.0144196787229203e+00
59        2.0552660112e+00    2.8830360252047693e-01 2.8830360252047693e-01 2.0144181399323591e+00
60        2.0552580210e+00    2.8828058008729024e-01 2.8828058008729024e-01 2.0144165773690799e+00
61        2.0552499393e+00    2.8825731272013388e-01 2.8825731272013394e-01 2.0144149911192484e+00
62        2.0552417671e+00    2.8823380321186021e-01 2.8823380321186015e-01 2.0144133812687679e+00
63        2.0552335052e+00    2.8821005437211011e-01 2.8821005437211017e-01 2.0144117479030674e+00
64        2.0552251546e+00    2.8818606902656874e-01 2.8818606902656874e-01 2.0144100911070693e+00
65        2.0552167160e+00    2.8816185001623756e-01 2.8816185001623773e-01 2.0144084109651259e+00
66        2.0552081905e+00    2.8813740019675665e-01 2.8813740019675677e-01 2.0144067075610832e+00
67        2.0551995789e+00    2.8811272243772457e-01 2.8811272243772457e-01 2.0144049809782412e+00
68        2.0551908821e+00    2.8808781962206298e-01 2.8808781962206292e-01 2.0144032312994788e+00
69        2.0551821011e+00    2.8806269464536588e-01 2.8806269464536599e-01 2.0144014586072281e+00
70        2.0551732367e+00    2.8803735041526396e-01 2.8803735041526390e-01 2.0143996629833847e+00
71        2.0551642898e+00    2.8801178985080050e-01 2.8801178985080039e-01 2.0143978445092734e+00
72        2.0551552614e+00    2.8798601588182393e-01 2.8798601588182399e-01 2.0143960032655368e+00
73        2.0551461525e+00    2.8796003144841598e-01 2.8796003144841598e-01 2.0143941393321194e+00
74        2.0551369638e+00    2.8793383950033141e-01 2.8793383950033158e-01 2.0143922527882205e+00
75        2.0551276964e+00    2.8790744299648968e-01 2.8790744299648963e-01 2.0143903437124755e+00
76        2.0551183511e+00    2.8788084490445365e-01 2.8788084490445359e-01 2.0143884121828970e+00
77        2.0551089288e+00    2.8785404819994220e-01 2.8785404819994220e-01 2.0143864582770434e+00
78        2.0550994306e+00    2.8782705586632390e-01 2.8782705586632407e-01 2.0143844820718990e+00
79        2.0550898574e+00    2.8779987089412756e-01 2.8779987089412740e-01 2.0143824836438986e+00
80        2.0550802099e+00    2.8777249628056273e-01 2.8777249628056256e-01 2.0143804630688038e+00
81        2.0550704893e+00    2.8774493502905740e-01 2.8774493502905729e-01 2.0143784204216812e+00
82        2.0550606964e+00    2.8771719014882119e-01 2.8771719014882119e-01 2.0143763557768986e+00
83        2.0550508321e+00    2.8768926465443606e-01 2.8768926465443612e-01 2.0143742692081723e+00
84        2.0550408974e+00    2.8766116156545507e-01 2.8766116156545501e-01 2.0143721607886622e+00
85        2.0550308932e+00    2.8763288390601732e-01 2.8763288390601721e-01 2.0143700305910754e+00
86        2.0550208204e+00    2.8760443470445990e-01 2.8760443470445990e-01 2.0143678786876413e+00
87        2.0550106801e+00    2.8757581699292506e-01 2.8757581699292500e-01 2.0143657051501247e+00
88        2.0550004730e+00    2.8754703380697955e-01 2.8754703380697944e-01 2.0143635100497228e+00
89        2.0549902001e+00    2.8751808818524383e-01 2.8751808818524366e-01 2.0143612934570472e+00
90        2.0549798625e+00    2.8748898316903532e-01 2.8748898316903543e-01 2.0143590554420951e+00
91        2.0549694609e+00    2.8745972180204205e-01 2.8745972180204216e-01 2.0143567960742579e+00
92        2.0549589964e+00    2.8743030713000162e-01 2.8743030713000167e-01 2.0143545154224487e+00
93        2.0549484698e+00    2.8740074220039152e-01 2.8740074220039163e-01 2.0143522135551732e+00
94        2.0549378821e+00    2.8737103006212367e-01 2.8737103006212356e-01 2.0143498905405859e+00
95        2.0549272343e+00    2.8734117376522783e-01 2.8734117376522800e-01 2.0143475464464564e+00
96        2.0549165272e+00    2.8731117636054559e-01 2.8731117636054537e-01 2.0143451813401754e+00
97        2.0549057618e+00    2.8728104089942069e-01 2.8728104089942064e-01 2.0143427952886745e+00
98        2.0548949390e+00    2.8725077043340580e-01 2.8725077043340574e-01 2.0143403883583604e+00
99        2.0548840598e+00    2.8722036801398781e-01 2.8722036801398781e-01 2.0143379606151628e+00
100       2.0548731250e+00    2.8718983669232362e-01 2.8718983669232356e-01 2.0143355121245814e+00
-------------------------------------------------------------------

