
**********************************************
Contact: Natoms = 1.50000000000e+03, as = 7.000000e+01 * a0, G = 1.257538e+02, G * par = 2.515076e+02
Regular DDI: add = 1.326070e+02 * a0, GD = 5.687232e+01, GD * par = 1.137446e+02, edd = 1.894386e+00
     Dipolar cutoff Scut = 2.874615e+00,

QF = 1: h2 = 2.1755079937219296e+02       q5 = 6.8105184404962396e+00
Trap parameters:
GAMMA = 0.000000e+00, NU = 0.000000e+00, LAMBDA = 0.000000e+00
Space discretization: NX = 128, NY = 128, NZ = 128
                      DX = 4.4915853710236653e-02, DY = 4.4915853710236653e-02, DZ = 3.1027454543202265e-01, mx = 1.00e+01, my = 1.00e+01, mz = 1.00e+01
      Unit of length: aho = 5.552380e-07 m

Time discretization: NITER = 1000000 (NSNAP = 10000)
                     DT = 1.008717e-03, mt = 2.00e+00

Gaussian
               SX = 2.874615e-01, SY = 2.874615e-01, SZ = 1.985757e+00
MUREL = 1.000000e-10, MUEND=1.000000e+04

-------------------------------------------------------------------
Snap      <r>            <x>            <y>            <z>
-------------------------------------------------------------------
0         2.0269433662045633e+00 2.8746146374551401e-01 2.8746146374551401e-01 1.9857570907649453e+00
1         2.0463277534242477e+00 2.8348773661360133e-01 2.8348773661360127e-01 2.0066705461569230e+00
2         2.0412177996361276e+00 2.8479506928735476e-01 2.8479506928735476e-01 2.0010881146442743e+00
3         2.0366456543818869e+00 2.8607214675487308e-01 2.8607214675487302e-01 1.9960588606588587e+00
4         2.0333720115336913e+00 2.8681670161039347e-01 2.8681670161039341e-01 1.9925044784499830e+00
5         2.0311574171236599e+00 2.8719418427017623e-01 2.8719418427017634e-01 1.9901355366354405e+00
6         2.0296912457826055e+00 2.8737028198020603e-01 2.8737028198020592e-01 1.9885882417624265e+00
7         2.0287302135329131e+00 2.8744562142765379e-01 2.8744562142765390e-01 1.9875855475288200e+00
8         2.0281035252864963e+00 2.8747365248419804e-01 2.8747365248419804e-01 1.9869377714297707e+00
9         2.0276960048246329e+00 2.8748093628720761e-01 2.8748093628720761e-01 1.9865196979956274e+00
10        2.0274314118078665e+00 2.8748002677851447e-01 2.8748002677851447e-01 1.9862498830691189e+00
11        2.0272597624094346e+00 2.8747654082493856e-01 2.8747654082493851e-01 1.9860756836623854e+00
12        2.0271484582189445e+00 2.8747279540260173e-01 2.8747279540260184e-01 1.9859631556165060e+00
13        2.0270763008842989e+00 2.8746960642083502e-01 2.8746960642083502e-01 1.9858904250676253e+00
14        2.0270295273809369e+00 2.8746714963167647e-01 2.8746714963167663e-01 1.9858433927778552e+00
15        2.0269992097384804e+00 2.8746535773459908e-01 2.8746535773459914e-01 1.9858129651317775e+00
16        2.0269795590125348e+00 2.8746409423433683e-01 2.8746409423433689e-01 1.9857932726511875e+00
17        2.0269668224201589e+00 2.8746322309319411e-01 2.8746322309319405e-01 1.9857805241088002e+00
18        2.0269585673785158e+00 2.8746263178274939e-01 2.8746263178274939e-01 1.9857722690495592e+00
19        2.0269532171200084e+00 2.8746223490004175e-01 2.8746223490004158e-01 1.9857669227292762e+00
20        2.0269497496134332e+00 2.8746197071037305e-01 2.8746197071037305e-01 1.9857634597928771e+00
21        2.0269475023991710e+00 2.8746179593581594e-01 2.8746179593581583e-01 1.9857612165708516e+00
22        2.0269460460873341e+00 2.8746168085623752e-01 2.8746168085623758e-01 1.9857597633721180e+00
23        2.0269451023621565e+00 2.8746160535523857e-01 2.8746160535523851e-01 1.9857588219325908e+00
24        2.0269444908332104e+00 2.8746155595861828e-01 2.8746155595861816e-01 1.9857582120214947e+00
25        2.0269440945839592e+00 2.8746152371078276e-01 2.8746152371078282e-01 1.9857578168902006e+00
26        2.0269438378403337e+00 2.8746150269396537e-01 2.8746150269396553e-01 1.9857575609063551e+00
27        2.0269436714948403e+00 2.8746148901501251e-01 2.8746148901501239e-01 1.9857573950710916e+00
28        2.0269435637236075e+00 2.8746148012141659e-01 2.8746148012141659e-01 1.9857572876394958e+00
29        2.0269434939042816e+00 2.8746147434403252e-01 2.8746147434403252e-01 1.9857572180447456e+00
30        2.0269434486739106e+00 2.8746147059360394e-01 2.8746147059360394e-01 1.9857571729620951e+00
31        2.0269434193739890e+00 2.8746146816043233e-01 2.8746146816043222e-01 1.9857571437589283e+00
32        2.0269434003945044e+00 2.8746146658270094e-01 2.8746146658270094e-01 1.9857571248425829e+00
33        2.0269433881007815e+00 2.8746146556018809e-01 2.8746146556018809e-01 1.9857571125899192e+00
34        2.0269433801380434e+00 2.8746146489787688e-01 2.8746146489787694e-01 1.9857571046537816e+00
35        2.0269433749808163e+00 2.8746146446916787e-01 2.8746146446916782e-01 1.9857570995137106e+00
36        2.0269433716408458e+00 2.8746146419191543e-01 2.8746146419191559e-01 1.9857570961847375e+00
37        2.0269433694779719e+00 2.8746146401283840e-01 2.8746146401283851e-01 1.9857570940288507e+00
38        2.0269433680775397e+00 2.8746146389739302e-01 2.8746146389739302e-01 1.9857570926327961e+00
39        2.0269433671709316e+00 2.8746146382318155e-01 2.8746146382318155e-01 1.9857570917288703e+00
40        2.0269433665841721e+00 2.8746146377569076e-01 2.8746146377569071e-01 1.9857570911436908e+00
41        2.0269433662045633e+00 2.8746146374551468e-01 2.8746146374551451e-01 1.9857570907649451e+00
-------------------------------------------------------------------

