
**********************************************
Contact: Natoms = 1.50000000000e+03, as = 7.000000e+01 * a0, G = 1.257538e+02, G * par = 2.515076e+02
Regular DDI: add = 1.326070e+02 * a0, GD = 5.687232e+01, GD * par = 1.137446e+02, edd = 1.894386e+00
     Dipolar cutoff Scut = 2.874615e+00,

QF = 1: h2 = 2.175508e+02,       q5 = 6.810518e+00, 

Trap parameters:
GAMMA = 0.000000e+00, NU = 0.000000e+00, LAMBDA = 0.000000e+00
Space discretization: NX = 128, NY = 128, NZ = 128
                      DX = 4.4915853710236653e-02, DY = 4.4915853710236653e-02, DZ = 3.1027454543202265e-01, mx = 1.00e+01, my = 1.00e+01, mz = 1.00e+01
      Unit of length: aho = 5.552380e-07 m

Time discretization: NITER = 1000000 (NSNAP = 10000)
                     DT = 1.008717e-03, mt = 2.00e+00

Gaussian
               SX = 2.874615e-01, SY = 2.874615e-01, SZ = 1.985757e+00
MUREL = 1.000000e-10, MUEND=1.000000e+04

---------------------------------------------------------------------------------
Snap      mu           Kin             Pot            Contact            DDI            QF
---------------------------------------------------------------------------------
0         -1.6480291961882489e+00 3.0569722425295400e+00 0.0000000000000000e+00 1.7203663117123043e+01 -2.8532169882831059e+01 6.6235053269902284e+00
1         -2.2360304188178972e+00 3.4324786949917985e+00 0.0000000000000000e+00 2.0257233336208081e+01 -3.4590647045860941e+01 8.6649045958431632e+00
2         -2.2584085895032313e+00 3.4968258839083308e+00 0.0000000000000000e+00 2.0738469767485103e+01 -3.5485302322179486e+01 8.9915980812828202e+00
3         -2.2546643984327286e+00 3.5001617449925400e+00 0.0000000000000000e+00 2.0813360484987058e+01 -3.5612531100817847e+01 9.0443444724055215e+00
4         -2.2499263689973876e+00 3.4970364112622803e+00 0.0000000000000000e+00 2.0829291067214267e+01 -3.5632404163169497e+01 9.0561503156955609e+00
5         -2.2467420613699538e+00 3.4946831258264073e+00 0.0000000000000000e+00 2.0836477555606443e+01 -3.5639096174661091e+01 9.0611934318582872e+00
6         -2.2448418563838271e+00 3.4934636776105350e+00 0.0000000000000000e+00 2.0842115488227407e+01 -3.5645218292033533e+01 9.0647972698117645e+00
7         -2.2437471721065929e+00 3.4929368343747389e+00 0.0000000000000000e+00 2.0846835644690582e+01 -3.5651187166447272e+01 9.0676675152753585e+00
8         -2.2431216732016814e+00 3.4927564250477223e+00 0.0000000000000000e+00 2.0850572926382455e+01 -3.5656337617383727e+01 9.0698865927518675e+00
9         -2.2427631607397505e+00 3.4927286534260467e+00 0.0000000000000000e+00 2.0853374256349554e+01 -3.5660395324102218e+01 9.0715292535868670e+00
10        -2.2425559502997405e+00 3.4927580687758000e+00 0.0000000000000000e+00 2.0855391702606148e+01 -3.5663409369103505e+01 9.0727036474218163e+00
11        -2.2424348809920023e+00 3.4928018845033741e+00 0.0000000000000000e+00 2.0856804427661672e+01 -3.5665563412628437e+01 9.0735222194713891e+00
12        -2.2423632985679838e+00 3.4928430841889102e+00 0.0000000000000000e+00 2.0857774310061878e+01 -3.5667063136396074e+01 9.0740824435773018e+00
13        -2.2423204664353982e+00 3.4928763767878279e+00 0.0000000000000000e+00 2.0858430785675726e+01 -3.5668088433949642e+01 9.0744608050506894e+00
14        -2.2422945418232594e+00 3.4929013386035894e+00 0.0000000000000000e+00 2.0858870553261234e+01 -3.5668780296419406e+01 9.0747138627313237e+00
15        -2.2422786833299853e+00 3.4929192523586923e+00 0.0000000000000000e+00 2.0859162898986877e+01 -3.5669242724985558e+01 9.0748818903100030e+00
16        -2.2422688894685106e+00 3.4929317518910170e+00 0.0000000000000000e+00 2.0859356125886350e+01 -3.5669549617478651e+01 9.0749928502327730e+00
17        -2.2422627901237373e+00 3.4929403084620310e+00 0.0000000000000000e+00 2.0859483281646959e+01 -3.5669752200054553e+01 9.0750658198218250e+00
18        -2.2422589641426196e+00 3.4929460871871987e+00 0.0000000000000000e+00 2.0859566677433982e+01 -3.5669885381398714e+01 9.0751136526349132e+00
19        -2.2422565495074860e+00 3.4929499516638276e+00 0.0000000000000000e+00 2.0859621230820675e+01 -3.5669972662061518e+01 9.0751449300695288e+00
20        -2.2422550178197618e+00 3.4929525171864673e+00 0.0000000000000000e+00 2.0859656844594049e+01 -3.5670029722078567e+01 9.0751653424782894e+00
21        -2.2422540421330837e+00 3.4929542110104648e+00 0.0000000000000000e+00 2.0859680057149262e+01 -3.5670066954134235e+01 9.0751786438414239e+00
22        -2.2422534184885787e+00 3.4929553246265526e+00 0.0000000000000000e+00 2.0859695167782228e+01 -3.5670091211909138e+01 9.0751873010117787e+00
23        -2.2422530187596532e+00 3.4929560544162048e+00 0.0000000000000000e+00 2.0859704994540312e+01 -3.5670106997862170e+01 9.0751929301460006e+00
24        -2.2422527619804598e+00 3.4929565314737148e+00 0.0000000000000000e+00 2.0859711380025939e+01 -3.5670117261066189e+01 9.0751965875860758e+00
25        -2.2422525967367122e+00 3.4929568427127964e+00 0.0000000000000000e+00 2.0859715526724123e+01 -3.5670123928676908e+01 9.0751989625032756e+00
26        -2.2422524902479815e+00 3.4929570454586218e+00 0.0000000000000000e+00 2.0859718218198442e+01 -3.5670128257780341e+01 9.0752005038752959e+00
27        -2.2422524215466204e+00 3.4929571773709314e+00 0.0000000000000000e+00 2.0859719964421334e+01 -3.5670131067201993e+01 9.0752015038631075e+00
28        -2.2422523771849416e+00 3.4929572631151027e+00 0.0000000000000000e+00 2.0859721096991294e+01 -3.5670132889703716e+01 9.0752021524123787e+00
29        -2.2422523485201236e+00 3.4929573188072709e+00 0.0000000000000000e+00 2.0859721831356790e+01 -3.5670134071607414e+01 9.0752025729232297e+00
30        -2.2422523299878581e+00 3.4929573549582105e+00 0.0000000000000000e+00 2.0859722307417719e+01 -3.5670134837881854e+01 9.0752028455180653e+00
31        -2.2422523180011655e+00 3.4929573784129606e+00 0.0000000000000000e+00 2.0859722615971961e+01 -3.5670135334580905e+01 9.0752030221948186e+00
32        -2.2422523102457195e+00 3.4929573936242679e+00 0.0000000000000000e+00 2.0859722815927039e+01 -3.5670135656483843e+01 9.0752031366868167e+00
33        -2.2422523052265895e+00 3.4929574034859594e+00 0.0000000000000000e+00 2.0859722945487558e+01 -3.5670135865071266e+01 9.0752032108711589e+00
34        -2.2422523019774498e+00 3.4929574098774387e+00 0.0000000000000000e+00 2.0859723029425009e+01 -3.5670136000212203e+01 9.0752032589323051e+00
35        -2.2422522998735950e+00 3.4929574140186230e+00 0.0000000000000000e+00 2.0859723083798368e+01 -3.5670136087756177e+01 9.0752032900655912e+00
36        -2.2422522985112980e+00 3.4929574167008890e+00 0.0000000000000000e+00 2.0859723119015580e+01 -3.5670136144458262e+01 9.0752033102304939e+00
37        -2.2422522976287489e+00 3.4929574184375229e+00 0.0000000000000000e+00 2.0859723141821373e+01 -3.5670136181176623e+01 9.0752033232889779e+00
38        -2.2422522970569378e+00 3.4929574195614070e+00 0.0000000000000000e+00 2.0859723156587254e+01 -3.5670136204949635e+01 9.0752033317440368e+00
39        -2.2422522966861731e+00 3.4929574202882225e+00 0.0000000000000000e+00 2.0859723166144516e+01 -3.5670136220335714e+01 9.0752033372168022e+00
40        -2.2422522964456757e+00 3.4929574207577736e+00 0.0000000000000000e+00 2.0859723172328099e+01 -3.5670136230289430e+01 9.0752033407578807e+00
41        -2.2422522962893421e+00 3.4929574210606660e+00 0.0000000000000000e+00 2.0859723176325978e+01 -3.5670136236723515e+01 9.0752033430475283e+00
---------------------------------------------------------------------------------

Total time on GPU: 40.405723 seconds
---------------------------------------------------------------------------------

